<?xml version="1.0" ?>
<System_definition>
	<unit_cell units="bohrradius">7.18936e+00	-0.00000e+00	0.00000e+00	
-0.00000e+00	7.18935e+00	0.00000e+00	
0.00000e+00	0.00000e+00	7.18937e+00</unit_cell>
	<atom damping_factor="1.00000" gyroratio="1.00000e+00" index_spin="0" mass="8.76200e+01" massunits="atomicmassunit">
		<position units="bohrradius">0.00000e+00	0.00000e+00	0.00000e+00</position>
		<spinat>6.47138e-06	2.24770e-06	-1.43602e-01</spinat>
	</atom>
	<atom damping_factor="1.00000" gyroratio="1.00000e+00" index_spin="1" mass="5.49380e+01" massunits="atomicmassunit">
		<position units="bohrradius">3.59468e+00	3.59468e+00	3.59468e+00</position>
		<spinat>1.66389e-05	1.45574e-05	3.20314e+00</spinat>
	</atom>
	<atom damping_factor="1.00000" gyroratio="1.00000e+00" index_spin="0" mass="1.59990e+01" massunits="atomicmassunit">
		<position units="bohrradius">0.00000e+00	3.59468e+00	3.59468e+00</position>
		<spinat>-2.23265e-05	-3.97917e-07	2.25864e-02</spinat>
	</atom>
	<atom damping_factor="1.00000" gyroratio="1.00000e+00" index_spin="0" mass="1.59990e+01" massunits="atomicmassunit">
		<position units="bohrradius">3.59468e+00	0.00000e+00	3.59468e+00</position>
		<spinat>-1.46728e-06	-1.83033e-05	2.25872e-02</spinat>
	</atom>
	<atom damping_factor="1.00000" gyroratio="1.00000e+00" index_spin="0" mass="1.59990e+01" massunits="atomicmassunit">
		<position units="bohrradius">3.59468e+00	3.59468e+00	0.00000e+00</position>
		<spinat>2.00621e-05	2.15081e-05	2.23000e-02</spinat>
	</atom>
	<spin_exchange_list units="eV">
		<nterms>124</nterms>
		<spin_exchange_term>
			<ijR>1 1 -2 -2 -2</ijR>
			<data>8.40253e-06 	 8.40253e-06 	 8.40253e-06</data>
		</spin_exchange_term>
		<spin_exchange_term>
			<ijR>1 1 -2 -2 -1</ijR>
			<data>1.30548e-05 	 1.30548e-05 	 1.30548e-05</data>
		</spin_exchange_term>
		<spin_exchange_term>
			<ijR>1 1 -2 -2 0</ijR>
			<data>-4.20393e-05 	 -4.20393e-05 	 -4.20393e-05</data>
		</spin_exchange_term>
		<spin_exchange_term>
			<ijR>1 1 -2 -2 1</ijR>
			<data>1.30649e-05 	 1.30649e-05 	 1.30649e-05</data>
		</spin_exchange_term>
		<spin_exchange_term>
			<ijR>1 1 -2 -2 2</ijR>
			<data>8.33063e-06 	 8.33063e-06 	 8.33063e-06</data>
		</spin_exchange_term>
		<spin_exchange_term>
			<ijR>1 1 -2 -1 -2</ijR>
			<data>1.29513e-05 	 1.29513e-05 	 1.29513e-05</data>
		</spin_exchange_term>
		<spin_exchange_term>
			<ijR>1 1 -2 -1 -1</ijR>
			<data>4.60561e-05 	 4.60561e-05 	 4.60561e-05</data>
		</spin_exchange_term>
		<spin_exchange_term>
			<ijR>1 1 -2 -1 0</ijR>
			<data>3.05903e-04 	 3.05903e-04 	 3.05903e-04</data>
		</spin_exchange_term>
		<spin_exchange_term>
			<ijR>1 1 -2 -1 1</ijR>
			<data>4.58665e-05 	 4.58665e-05 	 4.58665e-05</data>
		</spin_exchange_term>
		<spin_exchange_term>
			<ijR>1 1 -2 -1 2</ijR>
			<data>1.29720e-05 	 1.29720e-05 	 1.29720e-05</data>
		</spin_exchange_term>
		<spin_exchange_term>
			<ijR>1 1 -2 0 -2</ijR>
			<data>-5.05983e-05 	 -5.05983e-05 	 -5.05983e-05</data>
		</spin_exchange_term>
		<spin_exchange_term>
			<ijR>1 1 -2 0 -1</ijR>
			<data>3.05447e-04 	 3.05447e-04 	 3.05447e-04</data>
		</spin_exchange_term>
		<spin_exchange_term>
			<ijR>1 1 -2 0 0</ijR>
			<data>1.88695e-03 	 1.88695e-03 	 1.88695e-03</data>
		</spin_exchange_term>
		<spin_exchange_term>
			<ijR>1 1 -2 0 1</ijR>
			<data>3.05247e-04 	 3.05247e-04 	 3.05247e-04</data>
		</spin_exchange_term>
		<spin_exchange_term>
			<ijR>1 1 -2 0 2</ijR>
			<data>-5.13583e-05 	 -5.13583e-05 	 -5.13583e-05</data>
		</spin_exchange_term>
		<spin_exchange_term>
			<ijR>1 1 -2 1 -2</ijR>
			<data>1.29660e-05 	 1.29660e-05 	 1.29660e-05</data>
		</spin_exchange_term>
		<spin_exchange_term>
			<ijR>1 1 -2 1 -1</ijR>
			<data>4.58726e-05 	 4.58726e-05 	 4.58726e-05</data>
		</spin_exchange_term>
		<spin_exchange_term>
			<ijR>1 1 -2 1 0</ijR>
			<data>3.05742e-04 	 3.05742e-04 	 3.05742e-04</data>
		</spin_exchange_term>
		<spin_exchange_term>
			<ijR>1 1 -2 1 1</ijR>
			<data>4.60405e-05 	 4.60405e-05 	 4.60405e-05</data>
		</spin_exchange_term>
		<spin_exchange_term>
			<ijR>1 1 -2 1 2</ijR>
			<data>1.29720e-05 	 1.29720e-05 	 1.29720e-05</data>
		</spin_exchange_term>
		<spin_exchange_term>
			<ijR>1 1 -2 2 -2</ijR>
			<data>8.32959e-06 	 8.32959e-06 	 8.32959e-06</data>
		</spin_exchange_term>
		<spin_exchange_term>
			<ijR>1 1 -2 2 -1</ijR>
			<data>1.30689e-05 	 1.30689e-05 	 1.30689e-05</data>
		</spin_exchange_term>
		<spin_exchange_term>
			<ijR>1 1 -2 2 0</ijR>
			<data>-4.26406e-05 	 -4.26406e-05 	 -4.26406e-05</data>
		</spin_exchange_term>
		<spin_exchange_term>
			<ijR>1 1 -2 2 1</ijR>
			<data>1.30690e-05 	 1.30690e-05 	 1.30690e-05</data>
		</spin_exchange_term>
		<spin_exchange_term>
			<ijR>1 1 -2 2 2</ijR>
			<data>8.32961e-06 	 8.32961e-06 	 8.32961e-06</data>
		</spin_exchange_term>
		<spin_exchange_term>
			<ijR>1 1 -1 -2 -2</ijR>
			<data>1.29511e-05 	 1.29511e-05 	 1.29511e-05</data>
		</spin_exchange_term>
		<spin_exchange_term>
			<ijR>1 1 -1 -2 -1</ijR>
			<data>4.60569e-05 	 4.60569e-05 	 4.60569e-05</data>
		</spin_exchange_term>
		<spin_exchange_term>
			<ijR>1 1 -1 -2 0</ijR>
			<data>3.05898e-04 	 3.05898e-04 	 3.05898e-04</data>
		</spin_exchange_term>
		<spin_exchange_term>
			<ijR>1 1 -1 -2 1</ijR>
			<data>4.58673e-05 	 4.58673e-05 	 4.58673e-05</data>
		</spin_exchange_term>
		<spin_exchange_term>
			<ijR>1 1 -1 -2 2</ijR>
			<data>1.29719e-05 	 1.29719e-05 	 1.29719e-05</data>
		</spin_exchange_term>
		<spin_exchange_term>
			<ijR>1 1 -1 -1 -2</ijR>
			<data>4.59804e-05 	 4.59804e-05 	 4.59804e-05</data>
		</spin_exchange_term>
		<spin_exchange_term>
			<ijR>1 1 -1 -1 -1</ijR>
			<data>1.64722e-04 	 1.64722e-04 	 1.64722e-04</data>
		</spin_exchange_term>
		<spin_exchange_term>
			<ijR>1 1 -1 -1 0</ijR>
			<data>-6.74813e-04 	 -6.74813e-04 	 -6.74813e-04</data>
		</spin_exchange_term>
		<spin_exchange_term>
			<ijR>1 1 -1 -1 1</ijR>
			<data>1.63251e-04 	 1.63251e-04 	 1.63251e-04</data>
		</spin_exchange_term>
		<spin_exchange_term>
			<ijR>1 1 -1 -1 2</ijR>
			<data>4.59575e-05 	 4.59575e-05 	 4.59575e-05</data>
		</spin_exchange_term>
		<spin_exchange_term>
			<ijR>1 1 -1 0 -2</ijR>
			<data>3.08690e-04 	 3.08690e-04 	 3.08690e-04</data>
		</spin_exchange_term>
		<spin_exchange_term>
			<ijR>1 1 -1 0 -1</ijR>
			<data>-6.64163e-04 	 -6.64163e-04 	 -6.64163e-04</data>
		</spin_exchange_term>
		<spin_exchange_term>
			<ijR>1 1 -1 0 0</ijR>
			<data>-6.88456e-03 	 -6.88456e-03 	 -6.88456e-03</data>
		</spin_exchange_term>
		<spin_exchange_term>
			<ijR>1 1 -1 0 1</ijR>
			<data>-6.68507e-04 	 -6.68507e-04 	 -6.68507e-04</data>
		</spin_exchange_term>
		<spin_exchange_term>
			<ijR>1 1 -1 0 2</ijR>
			<data>3.08502e-04 	 3.08502e-04 	 3.08502e-04</data>
		</spin_exchange_term>
		<spin_exchange_term>
			<ijR>1 1 -1 1 -2</ijR>
			<data>4.57920e-05 	 4.57920e-05 	 4.57920e-05</data>
		</spin_exchange_term>
		<spin_exchange_term>
			<ijR>1 1 -1 1 -1</ijR>
			<data>1.63302e-04 	 1.63302e-04 	 1.63302e-04</data>
		</spin_exchange_term>
		<spin_exchange_term>
			<ijR>1 1 -1 1 0</ijR>
			<data>-6.78701e-04 	 -6.78701e-04 	 -6.78701e-04</data>
		</spin_exchange_term>
		<spin_exchange_term>
			<ijR>1 1 -1 1 1</ijR>
			<data>1.63302e-04 	 1.63302e-04 	 1.63302e-04</data>
		</spin_exchange_term>
		<spin_exchange_term>
			<ijR>1 1 -1 1 2</ijR>
			<data>4.57920e-05 	 4.57920e-05 	 4.57920e-05</data>
		</spin_exchange_term>
		<spin_exchange_term>
			<ijR>1 1 -1 2 -2</ijR>
			<data>1.29718e-05 	 1.29718e-05 	 1.29718e-05</data>
		</spin_exchange_term>
		<spin_exchange_term>
			<ijR>1 1 -1 2 -1</ijR>
			<data>4.60413e-05 	 4.60413e-05 	 4.60413e-05</data>
		</spin_exchange_term>
		<spin_exchange_term>
			<ijR>1 1 -1 2 0</ijR>
			<data>3.05738e-04 	 3.05738e-04 	 3.05738e-04</data>
		</spin_exchange_term>
		<spin_exchange_term>
			<ijR>1 1 -1 2 1</ijR>
			<data>4.58734e-05 	 4.58734e-05 	 4.58734e-05</data>
		</spin_exchange_term>
		<spin_exchange_term>
			<ijR>1 1 -1 2 2</ijR>
			<data>1.29659e-05 	 1.29659e-05 	 1.29659e-05</data>
		</spin_exchange_term>
		<spin_exchange_term>
			<ijR>1 1 0 -2 -2</ijR>
			<data>-5.05971e-05 	 -5.05971e-05 	 -5.05971e-05</data>
		</spin_exchange_term>
		<spin_exchange_term>
			<ijR>1 1 0 -2 -1</ijR>
			<data>3.05447e-04 	 3.05447e-04 	 3.05447e-04</data>
		</spin_exchange_term>
		<spin_exchange_term>
			<ijR>1 1 0 -2 0</ijR>
			<data>1.88692e-03 	 1.88692e-03 	 1.88692e-03</data>
		</spin_exchange_term>
		<spin_exchange_term>
			<ijR>1 1 0 -2 1</ijR>
			<data>3.05247e-04 	 3.05247e-04 	 3.05247e-04</data>
		</spin_exchange_term>
		<spin_exchange_term>
			<ijR>1 1 0 -2 2</ijR>
			<data>-5.13570e-05 	 -5.13570e-05 	 -5.13570e-05</data>
		</spin_exchange_term>
		<spin_exchange_term>
			<ijR>1 1 0 -1 -2</ijR>
			<data>3.08694e-04 	 3.08694e-04 	 3.08694e-04</data>
		</spin_exchange_term>
		<spin_exchange_term>
			<ijR>1 1 0 -1 -1</ijR>
			<data>-6.64167e-04 	 -6.64167e-04 	 -6.64167e-04</data>
		</spin_exchange_term>
		<spin_exchange_term>
			<ijR>1 1 0 -1 0</ijR>
			<data>-6.88477e-03 	 -6.88477e-03 	 -6.88477e-03</data>
		</spin_exchange_term>
		<spin_exchange_term>
			<ijR>1 1 0 -1 1</ijR>
			<data>-6.68511e-04 	 -6.68511e-04 	 -6.68511e-04</data>
		</spin_exchange_term>
		<spin_exchange_term>
			<ijR>1 1 0 -1 2</ijR>
			<data>3.08506e-04 	 3.08506e-04 	 3.08506e-04</data>
		</spin_exchange_term>
		<spin_exchange_term>
			<ijR>1 1 0 0 -2</ijR>
			<data>1.90087e-03 	 1.90087e-03 	 1.90087e-03</data>
		</spin_exchange_term>
		<spin_exchange_term>
			<ijR>1 1 0 0 -1</ijR>
			<data>-6.85983e-03 	 -6.85983e-03 	 -6.85983e-03</data>
		</spin_exchange_term>
		<spin_exchange_term>
			<ijR>1 1 0 0 1</ijR>
			<data>-6.85983e-03 	 -6.85983e-03 	 -6.85983e-03</data>
		</spin_exchange_term>
		<spin_exchange_term>
			<ijR>1 1 0 0 2</ijR>
			<data>1.90087e-03 	 1.90087e-03 	 1.90087e-03</data>
		</spin_exchange_term>
		<spin_exchange_term>
			<ijR>1 1 0 1 -2</ijR>
			<data>3.08506e-04 	 3.08506e-04 	 3.08506e-04</data>
		</spin_exchange_term>
		<spin_exchange_term>
			<ijR>1 1 0 1 -1</ijR>
			<data>-6.68511e-04 	 -6.68511e-04 	 -6.68511e-04</data>
		</spin_exchange_term>
		<spin_exchange_term>
			<ijR>1 1 0 1 0</ijR>
			<data>-6.88477e-03 	 -6.88477e-03 	 -6.88477e-03</data>
		</spin_exchange_term>
		<spin_exchange_term>
			<ijR>1 1 0 1 1</ijR>
			<data>-6.64167e-04 	 -6.64167e-04 	 -6.64167e-04</data>
		</spin_exchange_term>
		<spin_exchange_term>
			<ijR>1 1 0 1 2</ijR>
			<data>3.08694e-04 	 3.08694e-04 	 3.08694e-04</data>
		</spin_exchange_term>
		<spin_exchange_term>
			<ijR>1 1 0 2 -2</ijR>
			<data>-5.13570e-05 	 -5.13570e-05 	 -5.13570e-05</data>
		</spin_exchange_term>
		<spin_exchange_term>
			<ijR>1 1 0 2 -1</ijR>
			<data>3.05247e-04 	 3.05247e-04 	 3.05247e-04</data>
		</spin_exchange_term>
		<spin_exchange_term>
			<ijR>1 1 0 2 0</ijR>
			<data>1.88692e-03 	 1.88692e-03 	 1.88692e-03</data>
		</spin_exchange_term>
		<spin_exchange_term>
			<ijR>1 1 0 2 1</ijR>
			<data>3.05447e-04 	 3.05447e-04 	 3.05447e-04</data>
		</spin_exchange_term>
		<spin_exchange_term>
			<ijR>1 1 0 2 2</ijR>
			<data>-5.05971e-05 	 -5.05971e-05 	 -5.05971e-05</data>
		</spin_exchange_term>
		<spin_exchange_term>
			<ijR>1 1 1 -2 -2</ijR>
			<data>1.29659e-05 	 1.29659e-05 	 1.29659e-05</data>
		</spin_exchange_term>
		<spin_exchange_term>
			<ijR>1 1 1 -2 -1</ijR>
			<data>4.58734e-05 	 4.58734e-05 	 4.58734e-05</data>
		</spin_exchange_term>
		<spin_exchange_term>
			<ijR>1 1 1 -2 0</ijR>
			<data>3.05738e-04 	 3.05738e-04 	 3.05738e-04</data>
		</spin_exchange_term>
		<spin_exchange_term>
			<ijR>1 1 1 -2 1</ijR>
			<data>4.60413e-05 	 4.60413e-05 	 4.60413e-05</data>
		</spin_exchange_term>
		<spin_exchange_term>
			<ijR>1 1 1 -2 2</ijR>
			<data>1.29718e-05 	 1.29718e-05 	 1.29718e-05</data>
		</spin_exchange_term>
		<spin_exchange_term>
			<ijR>1 1 1 -1 -2</ijR>
			<data>4.57920e-05 	 4.57920e-05 	 4.57920e-05</data>
		</spin_exchange_term>
		<spin_exchange_term>
			<ijR>1 1 1 -1 -1</ijR>
			<data>1.63302e-04 	 1.63302e-04 	 1.63302e-04</data>
		</spin_exchange_term>
		<spin_exchange_term>
			<ijR>1 1 1 -1 0</ijR>
			<data>-6.78701e-04 	 -6.78701e-04 	 -6.78701e-04</data>
		</spin_exchange_term>
		<spin_exchange_term>
			<ijR>1 1 1 -1 1</ijR>
			<data>1.63302e-04 	 1.63302e-04 	 1.63302e-04</data>
		</spin_exchange_term>
		<spin_exchange_term>
			<ijR>1 1 1 -1 2</ijR>
			<data>4.57920e-05 	 4.57920e-05 	 4.57920e-05</data>
		</spin_exchange_term>
		<spin_exchange_term>
			<ijR>1 1 1 0 -2</ijR>
			<data>3.08502e-04 	 3.08502e-04 	 3.08502e-04</data>
		</spin_exchange_term>
		<spin_exchange_term>
			<ijR>1 1 1 0 -1</ijR>
			<data>-6.68507e-04 	 -6.68507e-04 	 -6.68507e-04</data>
		</spin_exchange_term>
		<spin_exchange_term>
			<ijR>1 1 1 0 0</ijR>
			<data>-6.88456e-03 	 -6.88456e-03 	 -6.88456e-03</data>
		</spin_exchange_term>
		<spin_exchange_term>
			<ijR>1 1 1 0 1</ijR>
			<data>-6.64163e-04 	 -6.64163e-04 	 -6.64163e-04</data>
		</spin_exchange_term>
		<spin_exchange_term>
			<ijR>1 1 1 0 2</ijR>
			<data>3.08690e-04 	 3.08690e-04 	 3.08690e-04</data>
		</spin_exchange_term>
		<spin_exchange_term>
			<ijR>1 1 1 1 -2</ijR>
			<data>4.59575e-05 	 4.59575e-05 	 4.59575e-05</data>
		</spin_exchange_term>
		<spin_exchange_term>
			<ijR>1 1 1 1 -1</ijR>
			<data>1.63251e-04 	 1.63251e-04 	 1.63251e-04</data>
		</spin_exchange_term>
		<spin_exchange_term>
			<ijR>1 1 1 1 0</ijR>
			<data>-6.74813e-04 	 -6.74813e-04 	 -6.74813e-04</data>
		</spin_exchange_term>
		<spin_exchange_term>
			<ijR>1 1 1 1 1</ijR>
			<data>1.64722e-04 	 1.64722e-04 	 1.64722e-04</data>
		</spin_exchange_term>
		<spin_exchange_term>
			<ijR>1 1 1 1 2</ijR>
			<data>4.59804e-05 	 4.59804e-05 	 4.59804e-05</data>
		</spin_exchange_term>
		<spin_exchange_term>
			<ijR>1 1 1 2 -2</ijR>
			<data>1.29719e-05 	 1.29719e-05 	 1.29719e-05</data>
		</spin_exchange_term>
		<spin_exchange_term>
			<ijR>1 1 1 2 -1</ijR>
			<data>4.58673e-05 	 4.58673e-05 	 4.58673e-05</data>
		</spin_exchange_term>
		<spin_exchange_term>
			<ijR>1 1 1 2 0</ijR>
			<data>3.05898e-04 	 3.05898e-04 	 3.05898e-04</data>
		</spin_exchange_term>
		<spin_exchange_term>
			<ijR>1 1 1 2 1</ijR>
			<data>4.60569e-05 	 4.60569e-05 	 4.60569e-05</data>
		</spin_exchange_term>
		<spin_exchange_term>
			<ijR>1 1 1 2 2</ijR>
			<data>1.29511e-05 	 1.29511e-05 	 1.29511e-05</data>
		</spin_exchange_term>
		<spin_exchange_term>
			<ijR>1 1 2 -2 -2</ijR>
			<data>8.32961e-06 	 8.32961e-06 	 8.32961e-06</data>
		</spin_exchange_term>
		<spin_exchange_term>
			<ijR>1 1 2 -2 -1</ijR>
			<data>1.30690e-05 	 1.30690e-05 	 1.30690e-05</data>
		</spin_exchange_term>
		<spin_exchange_term>
			<ijR>1 1 2 -2 0</ijR>
			<data>-4.26406e-05 	 -4.26406e-05 	 -4.26406e-05</data>
		</spin_exchange_term>
		<spin_exchange_term>
			<ijR>1 1 2 -2 1</ijR>
			<data>1.30689e-05 	 1.30689e-05 	 1.30689e-05</data>
		</spin_exchange_term>
		<spin_exchange_term>
			<ijR>1 1 2 -2 2</ijR>
			<data>8.32959e-06 	 8.32959e-06 	 8.32959e-06</data>
		</spin_exchange_term>
		<spin_exchange_term>
			<ijR>1 1 2 -1 -2</ijR>
			<data>1.29720e-05 	 1.29720e-05 	 1.29720e-05</data>
		</spin_exchange_term>
		<spin_exchange_term>
			<ijR>1 1 2 -1 -1</ijR>
			<data>4.60405e-05 	 4.60405e-05 	 4.60405e-05</data>
		</spin_exchange_term>
		<spin_exchange_term>
			<ijR>1 1 2 -1 0</ijR>
			<data>3.05742e-04 	 3.05742e-04 	 3.05742e-04</data>
		</spin_exchange_term>
		<spin_exchange_term>
			<ijR>1 1 2 -1 1</ijR>
			<data>4.58726e-05 	 4.58726e-05 	 4.58726e-05</data>
		</spin_exchange_term>
		<spin_exchange_term>
			<ijR>1 1 2 -1 2</ijR>
			<data>1.29660e-05 	 1.29660e-05 	 1.29660e-05</data>
		</spin_exchange_term>
		<spin_exchange_term>
			<ijR>1 1 2 0 -2</ijR>
			<data>-5.13583e-05 	 -5.13583e-05 	 -5.13583e-05</data>
		</spin_exchange_term>
		<spin_exchange_term>
			<ijR>1 1 2 0 -1</ijR>
			<data>3.05247e-04 	 3.05247e-04 	 3.05247e-04</data>
		</spin_exchange_term>
		<spin_exchange_term>
			<ijR>1 1 2 0 0</ijR>
			<data>1.88695e-03 	 1.88695e-03 	 1.88695e-03</data>
		</spin_exchange_term>
		<spin_exchange_term>
			<ijR>1 1 2 0 1</ijR>
			<data>3.05447e-04 	 3.05447e-04 	 3.05447e-04</data>
		</spin_exchange_term>
		<spin_exchange_term>
			<ijR>1 1 2 0 2</ijR>
			<data>-5.05983e-05 	 -5.05983e-05 	 -5.05983e-05</data>
		</spin_exchange_term>
		<spin_exchange_term>
			<ijR>1 1 2 1 -2</ijR>
			<data>1.29720e-05 	 1.29720e-05 	 1.29720e-05</data>
		</spin_exchange_term>
		<spin_exchange_term>
			<ijR>1 1 2 1 -1</ijR>
			<data>4.58665e-05 	 4.58665e-05 	 4.58665e-05</data>
		</spin_exchange_term>
		<spin_exchange_term>
			<ijR>1 1 2 1 0</ijR>
			<data>3.05903e-04 	 3.05903e-04 	 3.05903e-04</data>
		</spin_exchange_term>
		<spin_exchange_term>
			<ijR>1 1 2 1 1</ijR>
			<data>4.60561e-05 	 4.60561e-05 	 4.60561e-05</data>
		</spin_exchange_term>
		<spin_exchange_term>
			<ijR>1 1 2 1 2</ijR>
			<data>1.29513e-05 	 1.29513e-05 	 1.29513e-05</data>
		</spin_exchange_term>
		<spin_exchange_term>
			<ijR>1 1 2 2 -2</ijR>
			<data>8.33063e-06 	 8.33063e-06 	 8.33063e-06</data>
		</spin_exchange_term>
		<spin_exchange_term>
			<ijR>1 1 2 2 -1</ijR>
			<data>1.30649e-05 	 1.30649e-05 	 1.30649e-05</data>
		</spin_exchange_term>
		<spin_exchange_term>
			<ijR>1 1 2 2 0</ijR>
			<data>-4.20393e-05 	 -4.20393e-05 	 -4.20393e-05</data>
		</spin_exchange_term>
		<spin_exchange_term>
			<ijR>1 1 2 2 1</ijR>
			<data>1.30548e-05 	 1.30548e-05 	 1.30548e-05</data>
		</spin_exchange_term>
		<spin_exchange_term>
			<ijR>1 1 2 2 2</ijR>
			<data>8.40253e-06 	 8.40253e-06 	 8.40253e-06</data>
		</spin_exchange_term>
	</spin_exchange_list>
	<spin_DMI_list units="eV">
		<nterms>124</nterms>
		<spin_DMI_term>
			<ijR>1 1 -2 -2 -2</ijR>
			<data>9.73667e-11 	 -7.80402e-11 	 1.98763e-12</data>
		</spin_DMI_term>
		<spin_DMI_term>
			<ijR>1 1 -2 -2 -1</ijR>
			<data>-3.24375e-09 	 3.08773e-09 	 1.44532e-12</data>
		</spin_DMI_term>
		<spin_DMI_term>
			<ijR>1 1 -2 -2 0</ijR>
			<data>1.09905e-08 	 -9.69738e-09 	 -5.13855e-14</data>
		</spin_DMI_term>
		<spin_DMI_term>
			<ijR>1 1 -2 -2 1</ijR>
			<data>6.71698e-09 	 -6.87092e-09 	 -1.68517e-12</data>
		</spin_DMI_term>
		<spin_DMI_term>
			<ijR>1 1 -2 -2 2</ijR>
			<data>4.10348e-09 	 -4.08293e-09 	 -2.04080e-12</data>
		</spin_DMI_term>
		<spin_DMI_term>
			<ijR>1 1 -2 -1 -2</ijR>
			<data>2.30075e-09 	 -2.44273e-10 	 1.95736e-10</data>
		</spin_DMI_term>
		<spin_DMI_term>
			<ijR>1 1 -2 -1 -1</ijR>
			<data>5.80873e-10 	 -4.60296e-09 	 -6.58427e-09</data>
		</spin_DMI_term>
		<spin_DMI_term>
			<ijR>1 1 -2 -1 0</ijR>
			<data>-2.80614e-08 	 -4.06604e-08 	 1.94738e-08</data>
		</spin_DMI_term>
		<spin_DMI_term>
			<ijR>1 1 -2 -1 1</ijR>
			<data>1.25387e-09 	 -4.22064e-09 	 -1.03846e-08</data>
		</spin_DMI_term>
		<spin_DMI_term>
			<ijR>1 1 -2 -1 2</ijR>
			<data>7.73705e-09 	 -3.01040e-09 	 1.42054e-09</data>
		</spin_DMI_term>
		<spin_DMI_term>
			<ijR>1 1 -2 0 -2</ijR>
			<data>-1.01884e-08 	 -6.05236e-10 	 -1.33013e-09</data>
		</spin_DMI_term>
		<spin_DMI_term>
			<ijR>1 1 -2 0 -1</ijR>
			<data>3.10048e-08 	 -5.56568e-08 	 -6.01605e-09</data>
		</spin_DMI_term>
		<spin_DMI_term>
			<ijR>1 1 -2 0 0</ijR>
			<data>-5.96395e-09 	 4.37874e-08 	 -5.26821e-08</data>
		</spin_DMI_term>
		<spin_DMI_term>
			<ijR>1 1 -2 0 1</ijR>
			<data>-2.90686e-08 	 2.50435e-08 	 -4.10736e-09</data>
		</spin_DMI_term>
		<spin_DMI_term>
			<ijR>1 1 -2 0 2</ijR>
			<data>-1.73127e-08 	 -1.12628e-07 	 -1.08342e-09</data>
		</spin_DMI_term>
		<spin_DMI_term>
			<ijR>1 1 -2 1 -2</ijR>
			<data>-6.31111e-09 	 -1.97645e-10 	 4.29532e-10</data>
		</spin_DMI_term>
		<spin_DMI_term>
			<ijR>1 1 -2 1 -1</ijR>
			<data>-1.25855e-09 	 -3.79992e-09 	 3.51226e-09</data>
		</spin_DMI_term>
		<spin_DMI_term>
			<ijR>1 1 -2 1 0</ijR>
			<data>2.54631e-08 	 3.13335e-08 	 2.72760e-08</data>
		</spin_DMI_term>
		<spin_DMI_term>
			<ijR>1 1 -2 1 1</ijR>
			<data>-1.91939e-10 	 2.98945e-10 	 7.27615e-09</data>
		</spin_DMI_term>
		<spin_DMI_term>
			<ijR>1 1 -2 1 2</ijR>
			<data>-1.98034e-09 	 -3.09631e-09 	 -6.03765e-10</data>
		</spin_DMI_term>
		<spin_DMI_term>
			<ijR>1 1 -2 2 -2</ijR>
			<data>-3.87761e-09 	 -2.37002e-10 	 -1.84424e-11</data>
		</spin_DMI_term>
		<spin_DMI_term>
			<ijR>1 1 -2 2 -1</ijR>
			<data>-8.16963e-09 	 2.72841e-09 	 -2.74556e-09</data>
		</spin_DMI_term>
		<spin_DMI_term>
			<ijR>1 1 -2 2 0</ijR>
			<data>2.03424e-08 	 1.96967e-08 	 1.90977e-08</data>
		</spin_DMI_term>
		<spin_DMI_term>
			<ijR>1 1 -2 2 1</ijR>
			<data>2.76009e-09 	 -8.19703e-09 	 -2.74749e-09</data>
		</spin_DMI_term>
		<spin_DMI_term>
			<ijR>1 1 -2 2 2</ijR>
			<data>-2.27455e-10 	 -3.88554e-09 	 -2.26449e-11</data>
		</spin_DMI_term>
		<spin_DMI_term>
			<ijR>1 1 -1 -2 -2</ijR>
			<data>2.05897e-10 	 -2.33995e-09 	 -1.96216e-10</data>
		</spin_DMI_term>
		<spin_DMI_term>
			<ijR>1 1 -1 -2 -1</ijR>
			<data>4.50125e-09 	 -6.41460e-10 	 6.58394e-09</data>
		</spin_DMI_term>
		<spin_DMI_term>
			<ijR>1 1 -1 -2 0</ijR>
			<data>4.19516e-08 	 2.86615e-08 	 -1.94770e-08</data>
		</spin_DMI_term>
		<spin_DMI_term>
			<ijR>1 1 -1 -2 1</ijR>
			<data>4.11345e-09 	 -1.32220e-09 	 1.03833e-08</data>
		</spin_DMI_term>
		<spin_DMI_term>
			<ijR>1 1 -1 -2 2</ijR>
			<data>2.96931e-09 	 -7.77612e-09 	 -1.41983e-09</data>
		</spin_DMI_term>
		<spin_DMI_term>
			<ijR>1 1 -1 -1 -2</ijR>
			<data>-5.24922e-09 	 5.00748e-09 	 -1.74984e-12</data>
		</spin_DMI_term>
		<spin_DMI_term>
			<ijR>1 1 -1 -1 -1</ijR>
			<data>-5.83472e-10 	 9.47380e-10 	 -4.89643e-12</data>
		</spin_DMI_term>
		<spin_DMI_term>
			<ijR>1 1 -1 -1 0</ijR>
			<data>-2.00749e-08 	 1.93870e-08 	 -1.14794e-11</data>
		</spin_DMI_term>
		<spin_DMI_term>
			<ijR>1 1 -1 -1 1</ijR>
			<data>2.72081e-09 	 -2.35895e-09 	 4.03654e-12</data>
		</spin_DMI_term>
		<spin_DMI_term>
			<ijR>1 1 -1 -1 2</ijR>
			<data>-1.98528e-09 	 1.74672e-09 	 1.85242e-12</data>
		</spin_DMI_term>
		<spin_DMI_term>
			<ijR>1 1 -1 0 -2</ijR>
			<data>-4.12274e-08 	 5.45902e-08 	 -7.12031e-09</data>
		</spin_DMI_term>
		<spin_DMI_term>
			<ijR>1 1 -1 0 -1</ijR>
			<data>2.53893e-08 	 -2.60377e-09 	 -2.24606e-08</data>
		</spin_DMI_term>
		<spin_DMI_term>
			<ijR>1 1 -1 0 0</ijR>
			<data>-1.81802e-08 	 7.06089e-08 	 -1.93694e-07</data>
		</spin_DMI_term>
		<spin_DMI_term>
			<ijR>1 1 -1 0 1</ijR>
			<data>-8.71590e-09 	 2.21493e-07 	 -2.57352e-08</data>
		</spin_DMI_term>
		<spin_DMI_term>
			<ijR>1 1 -1 0 2</ijR>
			<data>-3.03391e-08 	 2.43317e-08 	 -6.08233e-09</data>
		</spin_DMI_term>
		<spin_DMI_term>
			<ijR>1 1 -1 1 -2</ijR>
			<data>-4.48604e-09 	 4.18562e-09 	 -3.46138e-09</data>
		</spin_DMI_term>
		<spin_DMI_term>
			<ijR>1 1 -1 1 -1</ijR>
			<data>-2.65858e-09 	 1.08156e-10 	 -1.93675e-09</data>
		</spin_DMI_term>
		<spin_DMI_term>
			<ijR>1 1 -1 1 0</ijR>
			<data>8.36784e-10 	 1.46065e-09 	 1.51511e-07</data>
		</spin_DMI_term>
		<spin_DMI_term>
			<ijR>1 1 -1 1 1</ijR>
			<data>-3.05159e-11 	 -2.53027e-09 	 -1.91045e-09</data>
		</spin_DMI_term>
		<spin_DMI_term>
			<ijR>1 1 -1 1 2</ijR>
			<data>4.19971e-09 	 -4.49729e-09 	 -3.46722e-09</data>
		</spin_DMI_term>
		<spin_DMI_term>
			<ijR>1 1 -1 2 -2</ijR>
			<data>-2.99477e-09 	 -1.97904e-09 	 -6.01867e-10</data>
		</spin_DMI_term>
		<spin_DMI_term>
			<ijR>1 1 -1 2 -1</ijR>
			<data>3.27698e-10 	 -2.37797e-10 	 7.27405e-09</data>
		</spin_DMI_term>
		<spin_DMI_term>
			<ijR>1 1 -1 2 0</ijR>
			<data>3.32694e-08 	 2.63285e-08 	 2.72748e-08</data>
		</spin_DMI_term>
		<spin_DMI_term>
			<ijR>1 1 -1 2 1</ijR>
			<data>-3.77539e-09 	 -1.31313e-09 	 3.51397e-09</data>
		</spin_DMI_term>
		<spin_DMI_term>
			<ijR>1 1 -1 2 2</ijR>
			<data>-9.74607e-11 	 -6.30917e-09 	 4.27654e-10</data>
		</spin_DMI_term>
		<spin_DMI_term>
			<ijR>1 1 0 -2 -2</ijR>
			<data>4.46021e-10 	 9.99975e-09 	 1.32246e-09</data>
		</spin_DMI_term>
		<spin_DMI_term>
			<ijR>1 1 0 -2 -1</ijR>
			<data>5.53799e-08 	 -3.11267e-08 	 6.04204e-09</data>
		</spin_DMI_term>
		<spin_DMI_term>
			<ijR>1 1 0 -2 0</ijR>
			<data>-4.48360e-08 	 3.67697e-09 	 5.26845e-08</data>
		</spin_DMI_term>
		<spin_DMI_term>
			<ijR>1 1 0 -2 1</ijR>
			<data>-2.52664e-08 	 2.89375e-08 	 4.08217e-09</data>
		</spin_DMI_term>
		<spin_DMI_term>
			<ijR>1 1 0 -2 2</ijR>
			<data>1.12514e-07 	 1.71490e-08 	 1.09066e-09</data>
		</spin_DMI_term>
		<spin_DMI_term>
			<ijR>1 1 0 -1 -2</ijR>
			<data>-5.49513e-08 	 4.03679e-08 	 7.13307e-09</data>
		</spin_DMI_term>
		<spin_DMI_term>
			<ijR>1 1 0 -1 -1</ijR>
			<data>2.58491e-09 	 -2.54395e-08 	 2.26308e-08</data>
		</spin_DMI_term>
		<spin_DMI_term>
			<ijR>1 1 0 -1 0</ijR>
			<data>-7.11476e-08 	 1.29863e-08 	 1.93708e-07</data>
		</spin_DMI_term>
		<spin_DMI_term>
			<ijR>1 1 0 -1 1</ijR>
			<data>-2.21568e-07 	 8.63260e-09 	 2.55703e-08</data>
		</spin_DMI_term>
		<spin_DMI_term>
			<ijR>1 1 0 -1 2</ijR>
			<data>-2.46945e-08 	 2.94807e-08 	 6.07073e-09</data>
		</spin_DMI_term>
		<spin_DMI_term>
			<ijR>1 1 0 0 -2</ijR>
			<data>4.31982e-08 	 -4.30984e-08 	 3.24113e-11</data>
		</spin_DMI_term>
		<spin_DMI_term>
			<ijR>1 1 0 0 -1</ijR>
			<data>7.76039e-08 	 -7.73160e-08 	 4.27072e-11</data>
		</spin_DMI_term>
		<spin_DMI_term>
			<ijR>1 1 0 0 1</ijR>
			<data>-7.76039e-08 	 7.73160e-08 	 -4.27072e-11</data>
		</spin_DMI_term>
		<spin_DMI_term>
			<ijR>1 1 0 0 2</ijR>
			<data>-4.31982e-08 	 4.30984e-08 	 -3.24113e-11</data>
		</spin_DMI_term>
		<spin_DMI_term>
			<ijR>1 1 0 1 -2</ijR>
			<data>2.46945e-08 	 -2.94807e-08 	 -6.07073e-09</data>
		</spin_DMI_term>
		<spin_DMI_term>
			<ijR>1 1 0 1 -1</ijR>
			<data>2.21568e-07 	 -8.63260e-09 	 -2.55703e-08</data>
		</spin_DMI_term>
		<spin_DMI_term>
			<ijR>1 1 0 1 0</ijR>
			<data>7.11476e-08 	 -1.29863e-08 	 -1.93708e-07</data>
		</spin_DMI_term>
		<spin_DMI_term>
			<ijR>1 1 0 1 1</ijR>
			<data>-2.58491e-09 	 2.54395e-08 	 -2.26308e-08</data>
		</spin_DMI_term>
		<spin_DMI_term>
			<ijR>1 1 0 1 2</ijR>
			<data>5.49513e-08 	 -4.03679e-08 	 -7.13307e-09</data>
		</spin_DMI_term>
		<spin_DMI_term>
			<ijR>1 1 0 2 -2</ijR>
			<data>-1.12514e-07 	 -1.71490e-08 	 -1.09066e-09</data>
		</spin_DMI_term>
		<spin_DMI_term>
			<ijR>1 1 0 2 -1</ijR>
			<data>2.52664e-08 	 -2.89375e-08 	 -4.08217e-09</data>
		</spin_DMI_term>
		<spin_DMI_term>
			<ijR>1 1 0 2 0</ijR>
			<data>4.48360e-08 	 -3.67697e-09 	 -5.26845e-08</data>
		</spin_DMI_term>
		<spin_DMI_term>
			<ijR>1 1 0 2 1</ijR>
			<data>-5.53799e-08 	 3.11267e-08 	 -6.04204e-09</data>
		</spin_DMI_term>
		<spin_DMI_term>
			<ijR>1 1 0 2 2</ijR>
			<data>-4.46021e-10 	 -9.99975e-09 	 -1.32246e-09</data>
		</spin_DMI_term>
		<spin_DMI_term>
			<ijR>1 1 1 -2 -2</ijR>
			<data>9.74607e-11 	 6.30917e-09 	 -4.27654e-10</data>
		</spin_DMI_term>
		<spin_DMI_term>
			<ijR>1 1 1 -2 -1</ijR>
			<data>3.77539e-09 	 1.31313e-09 	 -3.51397e-09</data>
		</spin_DMI_term>
		<spin_DMI_term>
			<ijR>1 1 1 -2 0</ijR>
			<data>-3.32694e-08 	 -2.63285e-08 	 -2.72748e-08</data>
		</spin_DMI_term>
		<spin_DMI_term>
			<ijR>1 1 1 -2 1</ijR>
			<data>-3.27698e-10 	 2.37797e-10 	 -7.27405e-09</data>
		</spin_DMI_term>
		<spin_DMI_term>
			<ijR>1 1 1 -2 2</ijR>
			<data>2.99477e-09 	 1.97904e-09 	 6.01867e-10</data>
		</spin_DMI_term>
		<spin_DMI_term>
			<ijR>1 1 1 -1 -2</ijR>
			<data>-4.19971e-09 	 4.49729e-09 	 3.46722e-09</data>
		</spin_DMI_term>
		<spin_DMI_term>
			<ijR>1 1 1 -1 -1</ijR>
			<data>3.05159e-11 	 2.53027e-09 	 1.91045e-09</data>
		</spin_DMI_term>
		<spin_DMI_term>
			<ijR>1 1 1 -1 0</ijR>
			<data>-8.36784e-10 	 -1.46065e-09 	 -1.51511e-07</data>
		</spin_DMI_term>
		<spin_DMI_term>
			<ijR>1 1 1 -1 1</ijR>
			<data>2.65858e-09 	 -1.08156e-10 	 1.93675e-09</data>
		</spin_DMI_term>
		<spin_DMI_term>
			<ijR>1 1 1 -1 2</ijR>
			<data>4.48604e-09 	 -4.18562e-09 	 3.46138e-09</data>
		</spin_DMI_term>
		<spin_DMI_term>
			<ijR>1 1 1 0 -2</ijR>
			<data>3.03391e-08 	 -2.43317e-08 	 6.08233e-09</data>
		</spin_DMI_term>
		<spin_DMI_term>
			<ijR>1 1 1 0 -1</ijR>
			<data>8.71590e-09 	 -2.21493e-07 	 2.57352e-08</data>
		</spin_DMI_term>
		<spin_DMI_term>
			<ijR>1 1 1 0 0</ijR>
			<data>1.81802e-08 	 -7.06089e-08 	 1.93694e-07</data>
		</spin_DMI_term>
		<spin_DMI_term>
			<ijR>1 1 1 0 1</ijR>
			<data>-2.53893e-08 	 2.60377e-09 	 2.24606e-08</data>
		</spin_DMI_term>
		<spin_DMI_term>
			<ijR>1 1 1 0 2</ijR>
			<data>4.12274e-08 	 -5.45902e-08 	 7.12031e-09</data>
		</spin_DMI_term>
		<spin_DMI_term>
			<ijR>1 1 1 1 -2</ijR>
			<data>1.98528e-09 	 -1.74672e-09 	 -1.85242e-12</data>
		</spin_DMI_term>
		<spin_DMI_term>
			<ijR>1 1 1 1 -1</ijR>
			<data>-2.72081e-09 	 2.35895e-09 	 -4.03654e-12</data>
		</spin_DMI_term>
		<spin_DMI_term>
			<ijR>1 1 1 1 0</ijR>
			<data>2.00749e-08 	 -1.93870e-08 	 1.14794e-11</data>
		</spin_DMI_term>
		<spin_DMI_term>
			<ijR>1 1 1 1 1</ijR>
			<data>5.83472e-10 	 -9.47380e-10 	 4.89643e-12</data>
		</spin_DMI_term>
		<spin_DMI_term>
			<ijR>1 1 1 1 2</ijR>
			<data>5.24922e-09 	 -5.00748e-09 	 1.74984e-12</data>
		</spin_DMI_term>
		<spin_DMI_term>
			<ijR>1 1 1 2 -2</ijR>
			<data>-2.96931e-09 	 7.77612e-09 	 1.41983e-09</data>
		</spin_DMI_term>
		<spin_DMI_term>
			<ijR>1 1 1 2 -1</ijR>
			<data>-4.11345e-09 	 1.32220e-09 	 -1.03833e-08</data>
		</spin_DMI_term>
		<spin_DMI_term>
			<ijR>1 1 1 2 0</ijR>
			<data>-4.19516e-08 	 -2.86615e-08 	 1.94770e-08</data>
		</spin_DMI_term>
		<spin_DMI_term>
			<ijR>1 1 1 2 1</ijR>
			<data>-4.50125e-09 	 6.41460e-10 	 -6.58394e-09</data>
		</spin_DMI_term>
		<spin_DMI_term>
			<ijR>1 1 1 2 2</ijR>
			<data>-2.05897e-10 	 2.33995e-09 	 1.96216e-10</data>
		</spin_DMI_term>
		<spin_DMI_term>
			<ijR>1 1 2 -2 -2</ijR>
			<data>2.27455e-10 	 3.88554e-09 	 2.26449e-11</data>
		</spin_DMI_term>
		<spin_DMI_term>
			<ijR>1 1 2 -2 -1</ijR>
			<data>-2.76009e-09 	 8.19703e-09 	 2.74749e-09</data>
		</spin_DMI_term>
		<spin_DMI_term>
			<ijR>1 1 2 -2 0</ijR>
			<data>-2.03424e-08 	 -1.96967e-08 	 -1.90977e-08</data>
		</spin_DMI_term>
		<spin_DMI_term>
			<ijR>1 1 2 -2 1</ijR>
			<data>8.16963e-09 	 -2.72841e-09 	 2.74556e-09</data>
		</spin_DMI_term>
		<spin_DMI_term>
			<ijR>1 1 2 -2 2</ijR>
			<data>3.87761e-09 	 2.37002e-10 	 1.84424e-11</data>
		</spin_DMI_term>
		<spin_DMI_term>
			<ijR>1 1 2 -1 -2</ijR>
			<data>1.98034e-09 	 3.09631e-09 	 6.03765e-10</data>
		</spin_DMI_term>
		<spin_DMI_term>
			<ijR>1 1 2 -1 -1</ijR>
			<data>1.91939e-10 	 -2.98945e-10 	 -7.27615e-09</data>
		</spin_DMI_term>
		<spin_DMI_term>
			<ijR>1 1 2 -1 0</ijR>
			<data>-2.54631e-08 	 -3.13335e-08 	 -2.72760e-08</data>
		</spin_DMI_term>
		<spin_DMI_term>
			<ijR>1 1 2 -1 1</ijR>
			<data>1.25855e-09 	 3.79992e-09 	 -3.51226e-09</data>
		</spin_DMI_term>
		<spin_DMI_term>
			<ijR>1 1 2 -1 2</ijR>
			<data>6.31111e-09 	 1.97645e-10 	 -4.29532e-10</data>
		</spin_DMI_term>
		<spin_DMI_term>
			<ijR>1 1 2 0 -2</ijR>
			<data>1.73127e-08 	 1.12628e-07 	 1.08342e-09</data>
		</spin_DMI_term>
		<spin_DMI_term>
			<ijR>1 1 2 0 -1</ijR>
			<data>2.90686e-08 	 -2.50435e-08 	 4.10736e-09</data>
		</spin_DMI_term>
		<spin_DMI_term>
			<ijR>1 1 2 0 0</ijR>
			<data>5.96395e-09 	 -4.37874e-08 	 5.26821e-08</data>
		</spin_DMI_term>
		<spin_DMI_term>
			<ijR>1 1 2 0 1</ijR>
			<data>-3.10048e-08 	 5.56568e-08 	 6.01605e-09</data>
		</spin_DMI_term>
		<spin_DMI_term>
			<ijR>1 1 2 0 2</ijR>
			<data>1.01884e-08 	 6.05236e-10 	 1.33013e-09</data>
		</spin_DMI_term>
		<spin_DMI_term>
			<ijR>1 1 2 1 -2</ijR>
			<data>-7.73705e-09 	 3.01040e-09 	 -1.42054e-09</data>
		</spin_DMI_term>
		<spin_DMI_term>
			<ijR>1 1 2 1 -1</ijR>
			<data>-1.25387e-09 	 4.22064e-09 	 1.03846e-08</data>
		</spin_DMI_term>
		<spin_DMI_term>
			<ijR>1 1 2 1 0</ijR>
			<data>2.80614e-08 	 4.06604e-08 	 -1.94738e-08</data>
		</spin_DMI_term>
		<spin_DMI_term>
			<ijR>1 1 2 1 1</ijR>
			<data>-5.80873e-10 	 4.60296e-09 	 6.58427e-09</data>
		</spin_DMI_term>
		<spin_DMI_term>
			<ijR>1 1 2 1 2</ijR>
			<data>-2.30075e-09 	 2.44273e-10 	 -1.95736e-10</data>
		</spin_DMI_term>
		<spin_DMI_term>
			<ijR>1 1 2 2 -2</ijR>
			<data>-4.10348e-09 	 4.08293e-09 	 2.04080e-12</data>
		</spin_DMI_term>
		<spin_DMI_term>
			<ijR>1 1 2 2 -1</ijR>
			<data>-6.71698e-09 	 6.87092e-09 	 1.68517e-12</data>
		</spin_DMI_term>
		<spin_DMI_term>
			<ijR>1 1 2 2 0</ijR>
			<data>-1.09905e-08 	 9.69738e-09 	 5.13851e-14</data>
		</spin_DMI_term>
		<spin_DMI_term>
			<ijR>1 1 2 2 1</ijR>
			<data>3.24375e-09 	 -3.08773e-09 	 -1.44532e-12</data>
		</spin_DMI_term>
		<spin_DMI_term>
			<ijR>1 1 2 2 2</ijR>
			<data>-9.73667e-11 	 7.80402e-11 	 -1.98763e-12</data>
		</spin_DMI_term>
	</spin_DMI_list>
	<spin_bilinear_list units="eV">
		<nterms>124</nterms>
		<spin_bilinear_term>
			<ijR>1 1 -2 -2 -2</ijR>
			<data>1.15776e-06	-2.81109e-09	7.65821e-08	-2.81109e-09	1.15775e-06	7.80522e-08	7.65821e-08	7.80522e-08	6.43135e-04</data>
		</spin_bilinear_term>
		<spin_bilinear_term>
			<ijR>1 1 -2 -2 -1</ijR>
			<data>6.16265e-07	-1.24042e-08	7.41935e-09	-1.24042e-08	6.16282e-07	8.16673e-09	7.41935e-09	8.16673e-09	2.95738e-04</data>
		</spin_bilinear_term>
		<spin_bilinear_term>
			<ijR>1 1 -2 -2 0</ijR>
			<data>4.29734e-06	-9.98369e-08	1.67379e-09	-9.98369e-08	4.29733e-06	2.09979e-08	1.67379e-09	2.09979e-08	4.46267e-03</data>
		</spin_bilinear_term>
		<spin_bilinear_term>
			<ijR>1 1 -2 -2 1</ijR>
			<data>6.14384e-07	-1.26356e-08	-1.63487e-08	-1.26356e-08	6.14368e-07	-1.56407e-08	-1.63487e-08	-1.56407e-08	2.91979e-04</data>
		</spin_bilinear_term>
		<spin_bilinear_term>
			<ijR>1 1 -2 -2 2</ijR>
			<data>1.16070e-06	-2.87180e-09	-6.97122e-08	-2.87180e-09	1.16070e-06	-6.82858e-08	-6.97122e-08	-6.82858e-08	6.44610e-04</data>
		</spin_bilinear_term>
		<spin_bilinear_term>
			<ijR>1 1 -2 -1 -2</ijR>
			<data>7.32436e-07	-1.25370e-08	2.58768e-08	-1.25370e-08	8.91169e-07	-1.50928e-07	2.58768e-08	-1.50928e-07	3.00928e-04</data>
		</spin_bilinear_term>
		<spin_bilinear_term>
			<ijR>1 1 -2 -1 -1</ijR>
			<data>1.64884e-08	3.07141e-08	-3.59438e-07	3.07141e-08	1.82188e-07	2.74994e-07	-3.59438e-07	2.74994e-07	7.85649e-06</data>
		</spin_bilinear_term>
		<spin_bilinear_term>
			<ijR>1 1 -2 -1 0</ijR>
			<data>8.61051e-07	4.57293e-08	-3.91984e-08	4.57293e-08	4.12454e-07	1.30481e-08	-3.91984e-08	1.30481e-08	-3.54620e-04</data>
		</spin_bilinear_term>
		<spin_bilinear_term>
			<ijR>1 1 -2 -1 1</ijR>
			<data>1.10234e-08	3.09822e-08	3.76729e-07	3.09822e-08	1.74671e-07	-2.58624e-07	3.76729e-07	-2.58624e-07	3.55876e-06</data>
		</spin_bilinear_term>
		<spin_bilinear_term>
			<ijR>1 1 -2 -1 2</ijR>
			<data>7.29221e-07	-1.23093e-08	-1.73983e-08	-1.23093e-08	8.87426e-07	1.84864e-07	-1.73983e-08	1.84864e-07	2.99333e-04</data>
		</spin_bilinear_term>
		<spin_bilinear_term>
			<ijR>1 1 -2 0 -2</ijR>
			<data>1.33347e-05	2.61350e-09	3.18760e-08	2.61350e-09	1.31264e-05	3.39273e-08	3.18760e-08	3.39273e-08	4.53839e-03</data>
		</spin_bilinear_term>
		<spin_bilinear_term>
			<ijR>1 1 -2 0 -1</ijR>
			<data>-3.21862e-07	6.09828e-10	2.97492e-05	6.09828e-10	2.35814e-07	-1.83810e-08	2.97492e-05	-1.83810e-08	-3.07580e-04</data>
		</spin_bilinear_term>
		<spin_bilinear_term>
			<ijR>1 1 -2 0 0</ijR>
			<data>9.96632e-06	-4.91871e-09	8.85154e-07	-4.91871e-09	7.96200e-06	7.72580e-08	8.85154e-07	7.72580e-08	9.18590e-03</data>
		</spin_bilinear_term>
		<spin_bilinear_term>
			<ijR>1 1 -2 0 1</ijR>
			<data>-3.27566e-07	-8.82994e-10	-3.00475e-05	-8.82994e-10	2.40255e-07	-6.53766e-08	-3.00475e-05	-6.53766e-08	-3.06170e-04</data>
		</spin_bilinear_term>
		<spin_bilinear_term>
			<ijR>1 1 -2 0 2</ijR>
			<data>1.33501e-05	-1.95194e-09	9.59166e-09	-1.95194e-09	1.31163e-05	5.30476e-09	9.59166e-09	5.30476e-09	4.53969e-03</data>
		</spin_bilinear_term>
		<spin_bilinear_term>
			<ijR>1 1 -2 1 -2</ijR>
			<data>7.23160e-07	1.26222e-08	2.71784e-08	1.26222e-08	8.82097e-07	1.65224e-07	2.71784e-08	1.65224e-07	2.97341e-04</data>
		</spin_bilinear_term>
		<spin_bilinear_term>
			<ijR>1 1 -2 1 -1</ijR>
			<data>7.90340e-09	-3.02559e-08	-3.71957e-07	-3.02559e-08	1.72127e-07	-2.96915e-07	-3.71957e-07	-2.96915e-07	3.72242e-06</data>
		</spin_bilinear_term>
		<spin_bilinear_term>
			<ijR>1 1 -2 1 0</ijR>
			<data>8.60635e-07	-4.58756e-08	-2.17887e-08	-4.58756e-08	4.10397e-07	5.99184e-08	-2.17887e-08	5.99184e-08	-3.53440e-04</data>
		</spin_bilinear_term>
		<spin_bilinear_term>
			<ijR>1 1 -2 1 1</ijR>
			<data>1.06208e-08	-3.09906e-08	3.45223e-07	-3.09906e-08	1.76290e-07	2.75854e-07	3.45223e-07	2.75854e-07	4.86163e-06</data>
		</spin_bilinear_term>
		<spin_bilinear_term>
			<ijR>1 1 -2 1 2</ijR>
			<data>7.27880e-07	1.21572e-08	-3.05255e-08	1.21572e-08	8.85733e-07	-1.55328e-07	-3.05255e-08	-1.55328e-07	2.99596e-04</data>
		</spin_bilinear_term>
		<spin_bilinear_term>
			<ijR>1 1 -2 2 -2</ijR>
			<data>1.16195e-06	2.80270e-09	7.79264e-08	2.80270e-09	1.16173e-06	-7.18464e-08	7.79264e-08	-7.18464e-08	6.44629e-04</data>
		</spin_bilinear_term>
		<spin_bilinear_term>
			<ijR>1 1 -2 2 -1</ijR>
			<data>6.16336e-07	1.24317e-08	1.31850e-08	1.24317e-08	6.16656e-07	-3.49325e-08	1.31850e-08	-3.49325e-08	2.94227e-04</data>
		</spin_bilinear_term>
		<spin_bilinear_term>
			<ijR>1 1 -2 2 0</ijR>
			<data>4.29740e-06	9.86106e-08	2.54386e-08	9.86106e-08	4.29742e-06	5.18966e-08	2.54386e-08	5.18966e-08	4.46376e-03</data>
		</spin_bilinear_term>
		<spin_bilinear_term>
			<ijR>1 1 -2 2 1</ijR>
			<data>6.16608e-07	1.24303e-08	-3.55472e-08	1.24303e-08	6.16287e-07	1.37856e-08	-3.55472e-08	1.37856e-08	2.94226e-04</data>
		</spin_bilinear_term>
		<spin_bilinear_term>
			<ijR>1 1 -2 2 2</ijR>
			<data>1.16171e-06	2.80248e-09	-7.29198e-08	2.80248e-09	1.16194e-06	7.90387e-08	-7.29198e-08	7.90387e-08	6.44629e-04</data>
		</spin_bilinear_term>
		<spin_bilinear_term>
			<ijR>1 1 -1 -2 -2</ijR>
			<data>8.91155e-07	-1.25329e-08	-1.51991e-07	-1.25329e-08	7.32425e-07	2.67525e-08	-1.51991e-07	2.67525e-08	3.00913e-04</data>
		</spin_bilinear_term>
		<spin_bilinear_term>
			<ijR>1 1 -1 -2 -1</ijR>
			<data>1.82213e-07	3.07195e-08	2.74741e-07	3.07195e-08	1.65482e-08	-3.59249e-07	2.74741e-07	-3.59249e-07	7.85463e-06</data>
		</spin_bilinear_term>
		<spin_bilinear_term>
			<ijR>1 1 -1 -2 0</ijR>
			<data>4.12475e-07	4.57283e-08	1.84695e-08	4.57283e-08	8.61076e-07	-4.15426e-08	1.84695e-08	-4.15426e-08	-3.54504e-04</data>
		</spin_bilinear_term>
		<spin_bilinear_term>
			<ijR>1 1 -1 -2 1</ijR>
			<data>1.74633e-07	3.09776e-08	-2.58976e-07	3.09776e-08	1.09430e-08	3.76893e-07	-2.58976e-07	3.76893e-07	3.55672e-06</data>
		</spin_bilinear_term>
		<spin_bilinear_term>
			<ijR>1 1 -1 -2 2</ijR>
			<data>8.87358e-07	-1.23135e-08	1.83768e-07	-1.23135e-08	7.29149e-07	-1.65402e-08	1.83768e-07	-1.65402e-08	2.99317e-04</data>
		</spin_bilinear_term>
		<spin_bilinear_term>
			<ijR>1 1 -1 -1 -2</ijR>
			<data>3.82606e-07	5.52383e-09	2.35538e-07	5.52383e-09	3.82583e-07	2.36529e-07	2.35538e-07	2.36529e-07	7.60227e-06</data>
		</spin_bilinear_term>
		<spin_bilinear_term>
			<ijR>1 1 -1 -1 -1</ijR>
			<data>7.06813e-07	2.30185e-07	5.76384e-07	2.30185e-07	7.06708e-07	5.76546e-07	5.76384e-07	5.76546e-07	1.22867e-04</data>
		</spin_bilinear_term>
		<spin_bilinear_term>
			<ijR>1 1 -1 -1 0</ijR>
			<data>-2.30218e-06	-1.01424e-06	-1.42446e-07	-1.01424e-06	-2.30220e-06	-1.65146e-07	-1.42446e-07	-1.65146e-07	-2.59918e-03</data>
		</spin_bilinear_term>
		<spin_bilinear_term>
			<ijR>1 1 -1 -1 1</ijR>
			<data>7.03928e-07	2.27599e-07	-5.62296e-07	2.27599e-07	7.04037e-07	-5.62288e-07	-5.62296e-07	-5.62288e-07	1.23030e-04</data>
		</spin_bilinear_term>
		<spin_bilinear_term>
			<ijR>1 1 -1 -1 2</ijR>
			<data>3.76834e-07	5.22847e-09	-2.24268e-07	5.22847e-09	3.76860e-07	-2.23301e-07	-2.24268e-07	-2.23301e-07	4.42474e-06</data>
		</spin_bilinear_term>
		<spin_bilinear_term>
			<ijR>1 1 -1 0 -2</ijR>
			<data>-2.79728e-06	-2.20506e-09	-2.97315e-05	-2.20506e-09	-1.90452e-06	3.99858e-08	-2.97315e-05	3.99858e-08	-3.47398e-04</data>
		</spin_bilinear_term>
		<spin_bilinear_term>
			<ijR>1 1 -1 0 -1</ijR>
			<data>-1.29188e-05	3.31062e-09	1.24043e-06	3.31062e-09	-8.20183e-06	1.38517e-07	1.24043e-06	1.38517e-07	-2.61342e-03</data>
		</spin_bilinear_term>
		<spin_bilinear_term>
			<ijR>1 1 -1 0 0</ijR>
