<?xml version="1.0" ?>
<System_definition>
	<unit_cell units="bohrradius">7.18936e+00	-0.00000e+00	0.00000e+00	
-0.00000e+00	7.18935e+00	0.00000e+00	
0.00000e+00	0.00000e+00	7.18937e+00</unit_cell>
	<atom mass="8.76200e+01" massunits="atomicmassunit" damping_factor="1.00000" gyroratio="1.00000e+00" index_spin="0">
		<position units="bohrradius">0.00000e+00	0.00000e+00	0.00000e+00</position>
		<spinat>4.54098e-07	-1.96878e-06	-1.45034e-01</spinat>
	</atom>
	<atom mass="5.49380e+01" massunits="atomicmassunit" damping_factor="1.00000" gyroratio="1.00000e+00" index_spin="1">
		<position units="bohrradius">3.59468e+00	3.59468e+00	3.59468e+00</position>
		<spinat>1.79742e-05	1.49412e-05	3.24902e+00</spinat>
	</atom>
	<atom mass="1.59990e+01" massunits="atomicmassunit" damping_factor="1.00000" gyroratio="1.00000e+00" index_spin="0">
		<position units="bohrradius">0.00000e+00	3.59468e+00	3.59468e+00</position>
		<spinat>-2.47606e-05	1.88874e-07	1.27498e-02</spinat>
	</atom>
	<atom mass="1.59990e+01" massunits="atomicmassunit" damping_factor="1.00000" gyroratio="1.00000e+00" index_spin="0">
		<position units="bohrradius">3.59468e+00	0.00000e+00	3.59468e+00</position>
		<spinat>-2.94136e-06	-1.89776e-05	1.27505e-02</spinat>
	</atom>
	<atom mass="1.59990e+01" massunits="atomicmassunit" damping_factor="1.00000" gyroratio="1.00000e+00" index_spin="0">
		<position units="bohrradius">3.59468e+00	3.59468e+00	0.00000e+00</position>
		<spinat>2.11292e-05	2.12453e-05	1.27221e-02</spinat>
	</atom>
	<spin_exchange_list units="eV">
		<nterms>124</nterms>
		<spin_exchange_term>
			<ijR>1 1 -2 -2 -2</ijR>
			<data>2.72964e-07 	 2.72964e-07 	 2.72964e-07</data>
		</spin_exchange_term>
		<spin_exchange_term>
			<ijR>1 1 -2 -2 -1</ijR>
			<data>2.67855e-06 	 2.67855e-06 	 2.67855e-06</data>
		</spin_exchange_term>
		<spin_exchange_term>
			<ijR>1 1 -2 -2 0</ijR>
			<data>-7.04336e-05 	 -7.04336e-05 	 -7.04336e-05</data>
		</spin_exchange_term>
		<spin_exchange_term>
			<ijR>1 1 -2 -2 1</ijR>
			<data>2.70467e-06 	 2.70467e-06 	 2.70467e-06</data>
		</spin_exchange_term>
		<spin_exchange_term>
			<ijR>1 1 -2 -2 2</ijR>
			<data>3.05191e-07 	 3.05191e-07 	 3.05191e-07</data>
		</spin_exchange_term>
		<spin_exchange_term>
			<ijR>1 1 -2 -1 -2</ijR>
			<data>3.19903e-06 	 3.19903e-06 	 3.19903e-06</data>
		</spin_exchange_term>
		<spin_exchange_term>
			<ijR>1 1 -2 -1 -1</ijR>
			<data>1.64354e-06 	 1.64354e-06 	 1.64354e-06</data>
		</spin_exchange_term>
		<spin_exchange_term>
			<ijR>1 1 -2 -1 0</ijR>
			<data>2.17853e-04 	 2.17853e-04 	 2.17853e-04</data>
		</spin_exchange_term>
		<spin_exchange_term>
			<ijR>1 1 -2 -1 1</ijR>
			<data>1.71809e-06 	 1.71809e-06 	 1.71809e-06</data>
		</spin_exchange_term>
		<spin_exchange_term>
			<ijR>1 1 -2 -1 2</ijR>
			<data>3.23855e-06 	 3.23855e-06 	 3.23855e-06</data>
		</spin_exchange_term>
		<spin_exchange_term>
			<ijR>1 1 -2 0 -2</ijR>
			<data>-7.18188e-05 	 -7.18188e-05 	 -7.18188e-05</data>
		</spin_exchange_term>
		<spin_exchange_term>
			<ijR>1 1 -2 0 -1</ijR>
			<data>2.20310e-04 	 2.20310e-04 	 2.20310e-04</data>
		</spin_exchange_term>
		<spin_exchange_term>
			<ijR>1 1 -2 0 0</ijR>
			<data>8.92400e-04 	 8.92400e-04 	 8.92400e-04</data>
		</spin_exchange_term>
		<spin_exchange_term>
			<ijR>1 1 -2 0 1</ijR>
			<data>2.20036e-04 	 2.20036e-04 	 2.20036e-04</data>
		</spin_exchange_term>
		<spin_exchange_term>
			<ijR>1 1 -2 0 2</ijR>
			<data>-7.28153e-05 	 -7.28153e-05 	 -7.28153e-05</data>
		</spin_exchange_term>
		<spin_exchange_term>
			<ijR>1 1 -2 1 -2</ijR>
			<data>3.22905e-06 	 3.22905e-06 	 3.22905e-06</data>
		</spin_exchange_term>
		<spin_exchange_term>
			<ijR>1 1 -2 1 -1</ijR>
			<data>1.72523e-06 	 1.72523e-06 	 1.72523e-06</data>
		</spin_exchange_term>
		<spin_exchange_term>
			<ijR>1 1 -2 1 0</ijR>
			<data>2.17629e-04 	 2.17629e-04 	 2.17629e-04</data>
		</spin_exchange_term>
		<spin_exchange_term>
			<ijR>1 1 -2 1 1</ijR>
			<data>1.62420e-06 	 1.62420e-06 	 1.62420e-06</data>
		</spin_exchange_term>
		<spin_exchange_term>
			<ijR>1 1 -2 1 2</ijR>
			<data>3.24018e-06 	 3.24018e-06 	 3.24018e-06</data>
		</spin_exchange_term>
		<spin_exchange_term>
			<ijR>1 1 -2 2 -2</ijR>
			<data>3.04567e-07 	 3.04567e-07 	 3.04567e-07</data>
		</spin_exchange_term>
		<spin_exchange_term>
			<ijR>1 1 -2 2 -1</ijR>
			<data>2.71404e-06 	 2.71404e-06 	 2.71404e-06</data>
		</spin_exchange_term>
		<spin_exchange_term>
			<ijR>1 1 -2 2 0</ijR>
			<data>-7.12258e-05 	 -7.12258e-05 	 -7.12258e-05</data>
		</spin_exchange_term>
		<spin_exchange_term>
			<ijR>1 1 -2 2 1</ijR>
			<data>2.71408e-06 	 2.71408e-06 	 2.71408e-06</data>
		</spin_exchange_term>
		<spin_exchange_term>
			<ijR>1 1 -2 2 2</ijR>
			<data>3.04601e-07 	 3.04601e-07 	 3.04601e-07</data>
		</spin_exchange_term>
		<spin_exchange_term>
			<ijR>1 1 -1 -2 -2</ijR>
			<data>3.19895e-06 	 3.19895e-06 	 3.19895e-06</data>
		</spin_exchange_term>
		<spin_exchange_term>
			<ijR>1 1 -1 -2 -1</ijR>
			<data>1.64350e-06 	 1.64350e-06 	 1.64350e-06</data>
		</spin_exchange_term>
		<spin_exchange_term>
			<ijR>1 1 -1 -2 0</ijR>
			<data>2.17851e-04 	 2.17851e-04 	 2.17851e-04</data>
		</spin_exchange_term>
		<spin_exchange_term>
			<ijR>1 1 -1 -2 1</ijR>
			<data>1.71813e-06 	 1.71813e-06 	 1.71813e-06</data>
		</spin_exchange_term>
		<spin_exchange_term>
			<ijR>1 1 -1 -2 2</ijR>
			<data>3.23854e-06 	 3.23854e-06 	 3.23854e-06</data>
		</spin_exchange_term>
		<spin_exchange_term>
			<ijR>1 1 -1 -1 -2</ijR>
			<data>1.56998e-06 	 1.56998e-06 	 1.56998e-06</data>
		</spin_exchange_term>
		<spin_exchange_term>
			<ijR>1 1 -1 -1 -1</ijR>
			<data>5.08072e-05 	 5.08072e-05 	 5.08072e-05</data>
		</spin_exchange_term>
		<spin_exchange_term>
			<ijR>1 1 -1 -1 0</ijR>
			<data>-8.55959e-04 	 -8.55959e-04 	 -8.55959e-04</data>
		</spin_exchange_term>
		<spin_exchange_term>
			<ijR>1 1 -1 -1 1</ijR>
			<data>5.03990e-05 	 5.03990e-05 	 5.03990e-05</data>
		</spin_exchange_term>
		<spin_exchange_term>
			<ijR>1 1 -1 -1 2</ijR>
			<data>1.54780e-06 	 1.54780e-06 	 1.54780e-06</data>
		</spin_exchange_term>
		<spin_exchange_term>
			<ijR>1 1 -1 0 -2</ijR>
			<data>2.22978e-04 	 2.22978e-04 	 2.22978e-04</data>
		</spin_exchange_term>
		<spin_exchange_term>
			<ijR>1 1 -1 0 -1</ijR>
			<data>-8.47632e-04 	 -8.47632e-04 	 -8.47632e-04</data>
		</spin_exchange_term>
		<spin_exchange_term>
			<ijR>1 1 -1 0 0</ijR>
			<data>-9.50364e-03 	 -9.50364e-03 	 -9.50364e-03</data>
		</spin_exchange_term>
		<spin_exchange_term>
			<ijR>1 1 -1 0 1</ijR>
			<data>-8.51094e-04 	 -8.51094e-04 	 -8.51094e-04</data>
		</spin_exchange_term>
		<spin_exchange_term>
			<ijR>1 1 -1 0 2</ijR>
			<data>2.22723e-04 	 2.22723e-04 	 2.22723e-04</data>
		</spin_exchange_term>
		<spin_exchange_term>
			<ijR>1 1 -1 1 -2</ijR>
			<data>1.63974e-06 	 1.63974e-06 	 1.63974e-06</data>
		</spin_exchange_term>
		<spin_exchange_term>
			<ijR>1 1 -1 1 -1</ijR>
			<data>5.04285e-05 	 5.04285e-05 	 5.04285e-05</data>
		</spin_exchange_term>
		<spin_exchange_term>
			<ijR>1 1 -1 1 0</ijR>
			<data>-8.59009e-04 	 -8.59009e-04 	 -8.59009e-04</data>
		</spin_exchange_term>
		<spin_exchange_term>
			<ijR>1 1 -1 1 1</ijR>
			<data>5.04285e-05 	 5.04285e-05 	 5.04285e-05</data>
		</spin_exchange_term>
		<spin_exchange_term>
			<ijR>1 1 -1 1 2</ijR>
			<data>1.63976e-06 	 1.63976e-06 	 1.63976e-06</data>
		</spin_exchange_term>
		<spin_exchange_term>
			<ijR>1 1 -1 2 -2</ijR>
			<data>3.24010e-06 	 3.24010e-06 	 3.24010e-06</data>
		</spin_exchange_term>
		<spin_exchange_term>
			<ijR>1 1 -1 2 -1</ijR>
			<data>1.62417e-06 	 1.62417e-06 	 1.62417e-06</data>
		</spin_exchange_term>
		<spin_exchange_term>
			<ijR>1 1 -1 2 0</ijR>
			<data>2.17627e-04 	 2.17627e-04 	 2.17627e-04</data>
		</spin_exchange_term>
		<spin_exchange_term>
			<ijR>1 1 -1 2 1</ijR>
			<data>1.72525e-06 	 1.72525e-06 	 1.72525e-06</data>
		</spin_exchange_term>
		<spin_exchange_term>
			<ijR>1 1 -1 2 2</ijR>
			<data>3.22903e-06 	 3.22903e-06 	 3.22903e-06</data>
		</spin_exchange_term>
		<spin_exchange_term>
			<ijR>1 1 0 -2 -2</ijR>
			<data>-7.18176e-05 	 -7.18176e-05 	 -7.18176e-05</data>
		</spin_exchange_term>
		<spin_exchange_term>
			<ijR>1 1 0 -2 -1</ijR>
			<data>2.20310e-04 	 2.20310e-04 	 2.20310e-04</data>
		</spin_exchange_term>
		<spin_exchange_term>
			<ijR>1 1 0 -2 0</ijR>
			<data>8.92378e-04 	 8.92378e-04 	 8.92378e-04</data>
		</spin_exchange_term>
		<spin_exchange_term>
			<ijR>1 1 0 -2 1</ijR>
			<data>2.20035e-04 	 2.20035e-04 	 2.20035e-04</data>
		</spin_exchange_term>
		<spin_exchange_term>
			<ijR>1 1 0 -2 2</ijR>
			<data>-7.28140e-05 	 -7.28140e-05 	 -7.28140e-05</data>
		</spin_exchange_term>
		<spin_exchange_term>
			<ijR>1 1 0 -1 -2</ijR>
			<data>2.22980e-04 	 2.22980e-04 	 2.22980e-04</data>
		</spin_exchange_term>
		<spin_exchange_term>
			<ijR>1 1 0 -1 -1</ijR>
			<data>-8.47638e-04 	 -8.47638e-04 	 -8.47638e-04</data>
		</spin_exchange_term>
		<spin_exchange_term>
			<ijR>1 1 0 -1 0</ijR>
			<data>-9.50382e-03 	 -9.50382e-03 	 -9.50382e-03</data>
		</spin_exchange_term>
		<spin_exchange_term>
			<ijR>1 1 0 -1 1</ijR>
			<data>-8.51099e-04 	 -8.51099e-04 	 -8.51099e-04</data>
		</spin_exchange_term>
		<spin_exchange_term>
			<ijR>1 1 0 -1 2</ijR>
			<data>2.22725e-04 	 2.22725e-04 	 2.22725e-04</data>
		</spin_exchange_term>
		<spin_exchange_term>
			<ijR>1 1 0 0 -2</ijR>
			<data>8.99766e-04 	 8.99766e-04 	 8.99766e-04</data>
		</spin_exchange_term>
		<spin_exchange_term>
			<ijR>1 1 0 0 -1</ijR>
			<data>-9.49582e-03 	 -9.49582e-03 	 -9.49582e-03</data>
		</spin_exchange_term>
		<spin_exchange_term>
			<ijR>1 1 0 0 1</ijR>
			<data>-9.49582e-03 	 -9.49582e-03 	 -9.49582e-03</data>
		</spin_exchange_term>
		<spin_exchange_term>
			<ijR>1 1 0 0 2</ijR>
			<data>8.99766e-04 	 8.99766e-04 	 8.99766e-04</data>
		</spin_exchange_term>
		<spin_exchange_term>
			<ijR>1 1 0 1 -2</ijR>
			<data>2.22725e-04 	 2.22725e-04 	 2.22725e-04</data>
		</spin_exchange_term>
		<spin_exchange_term>
			<ijR>1 1 0 1 -1</ijR>
			<data>-8.51099e-04 	 -8.51099e-04 	 -8.51099e-04</data>
		</spin_exchange_term>
		<spin_exchange_term>
			<ijR>1 1 0 1 0</ijR>
			<data>-9.50382e-03 	 -9.50382e-03 	 -9.50382e-03</data>
		</spin_exchange_term>
		<spin_exchange_term>
			<ijR>1 1 0 1 1</ijR>
			<data>-8.47638e-04 	 -8.47638e-04 	 -8.47638e-04</data>
		</spin_exchange_term>
		<spin_exchange_term>
			<ijR>1 1 0 1 2</ijR>
			<data>2.22980e-04 	 2.22980e-04 	 2.22980e-04</data>
		</spin_exchange_term>
		<spin_exchange_term>
			<ijR>1 1 0 2 -2</ijR>
			<data>-7.28140e-05 	 -7.28140e-05 	 -7.28140e-05</data>
		</spin_exchange_term>
		<spin_exchange_term>
			<ijR>1 1 0 2 -1</ijR>
			<data>2.20035e-04 	 2.20035e-04 	 2.20035e-04</data>
		</spin_exchange_term>
		<spin_exchange_term>
			<ijR>1 1 0 2 0</ijR>
			<data>8.92378e-04 	 8.92378e-04 	 8.92378e-04</data>
		</spin_exchange_term>
		<spin_exchange_term>
			<ijR>1 1 0 2 1</ijR>
			<data>2.20310e-04 	 2.20310e-04 	 2.20310e-04</data>
		</spin_exchange_term>
		<spin_exchange_term>
			<ijR>1 1 0 2 2</ijR>
			<data>-7.18176e-05 	 -7.18176e-05 	 -7.18176e-05</data>
		</spin_exchange_term>
		<spin_exchange_term>
			<ijR>1 1 1 -2 -2</ijR>
			<data>3.22903e-06 	 3.22903e-06 	 3.22903e-06</data>
		</spin_exchange_term>
		<spin_exchange_term>
			<ijR>1 1 1 -2 -1</ijR>
			<data>1.72525e-06 	 1.72525e-06 	 1.72525e-06</data>
		</spin_exchange_term>
		<spin_exchange_term>
			<ijR>1 1 1 -2 0</ijR>
			<data>2.17627e-04 	 2.17627e-04 	 2.17627e-04</data>
		</spin_exchange_term>
		<spin_exchange_term>
			<ijR>1 1 1 -2 1</ijR>
			<data>1.62417e-06 	 1.62417e-06 	 1.62417e-06</data>
		</spin_exchange_term>
		<spin_exchange_term>
			<ijR>1 1 1 -2 2</ijR>
			<data>3.24010e-06 	 3.24010e-06 	 3.24010e-06</data>
		</spin_exchange_term>
		<spin_exchange_term>
			<ijR>1 1 1 -1 -2</ijR>
			<data>1.63976e-06 	 1.63976e-06 	 1.63976e-06</data>
		</spin_exchange_term>
		<spin_exchange_term>
			<ijR>1 1 1 -1 -1</ijR>
			<data>5.04285e-05 	 5.04285e-05 	 5.04285e-05</data>
		</spin_exchange_term>
		<spin_exchange_term>
			<ijR>1 1 1 -1 0</ijR>
			<data>-8.59009e-04 	 -8.59009e-04 	 -8.59009e-04</data>
		</spin_exchange_term>
		<spin_exchange_term>
			<ijR>1 1 1 -1 1</ijR>
			<data>5.04285e-05 	 5.04285e-05 	 5.04285e-05</data>
		</spin_exchange_term>
		<spin_exchange_term>
			<ijR>1 1 1 -1 2</ijR>
			<data>1.63974e-06 	 1.63974e-06 	 1.63974e-06</data>
		</spin_exchange_term>
		<spin_exchange_term>
			<ijR>1 1 1 0 -2</ijR>
			<data>2.22723e-04 	 2.22723e-04 	 2.22723e-04</data>
		</spin_exchange_term>
		<spin_exchange_term>
			<ijR>1 1 1 0 -1</ijR>
			<data>-8.51094e-04 	 -8.51094e-04 	 -8.51094e-04</data>
		</spin_exchange_term>
		<spin_exchange_term>
			<ijR>1 1 1 0 0</ijR>
			<data>-9.50364e-03 	 -9.50364e-03 	 -9.50364e-03</data>
		</spin_exchange_term>
		<spin_exchange_term>
			<ijR>1 1 1 0 1</ijR>
			<data>-8.47632e-04 	 -8.47632e-04 	 -8.47632e-04</data>
		</spin_exchange_term>
		<spin_exchange_term>
			<ijR>1 1 1 0 2</ijR>
			<data>2.22978e-04 	 2.22978e-04 	 2.22978e-04</data>
		</spin_exchange_term>
		<spin_exchange_term>
			<ijR>1 1 1 1 -2</ijR>
			<data>1.54780e-06 	 1.54780e-06 	 1.54780e-06</data>
		</spin_exchange_term>
		<spin_exchange_term>
			<ijR>1 1 1 1 -1</ijR>
			<data>5.03990e-05 	 5.03990e-05 	 5.03990e-05</data>
		</spin_exchange_term>
		<spin_exchange_term>
			<ijR>1 1 1 1 0</ijR>
			<data>-8.55959e-04 	 -8.55959e-04 	 -8.55959e-04</data>
		</spin_exchange_term>
		<spin_exchange_term>
			<ijR>1 1 1 1 1</ijR>
			<data>5.08072e-05 	 5.08072e-05 	 5.08072e-05</data>
		</spin_exchange_term>
		<spin_exchange_term>
			<ijR>1 1 1 1 2</ijR>
			<data>1.56998e-06 	 1.56998e-06 	 1.56998e-06</data>
		</spin_exchange_term>
		<spin_exchange_term>
			<ijR>1 1 1 2 -2</ijR>
			<data>3.23854e-06 	 3.23854e-06 	 3.23854e-06</data>
		</spin_exchange_term>
		<spin_exchange_term>
			<ijR>1 1 1 2 -1</ijR>
			<data>1.71813e-06 	 1.71813e-06 	 1.71813e-06</data>
		</spin_exchange_term>
		<spin_exchange_term>
			<ijR>1 1 1 2 0</ijR>
			<data>2.17851e-04 	 2.17851e-04 	 2.17851e-04</data>
		</spin_exchange_term>
		<spin_exchange_term>
			<ijR>1 1 1 2 1</ijR>
			<data>1.64350e-06 	 1.64350e-06 	 1.64350e-06</data>
		</spin_exchange_term>
		<spin_exchange_term>
			<ijR>1 1 1 2 2</ijR>
			<data>3.19895e-06 	 3.19895e-06 	 3.19895e-06</data>
		</spin_exchange_term>
		<spin_exchange_term>
			<ijR>1 1 2 -2 -2</ijR>
			<data>3.04601e-07 	 3.04601e-07 	 3.04601e-07</data>
		</spin_exchange_term>
		<spin_exchange_term>
			<ijR>1 1 2 -2 -1</ijR>
			<data>2.71408e-06 	 2.71408e-06 	 2.71408e-06</data>
		</spin_exchange_term>
		<spin_exchange_term>
			<ijR>1 1 2 -2 0</ijR>
			<data>-7.12258e-05 	 -7.12258e-05 	 -7.12258e-05</data>
		</spin_exchange_term>
		<spin_exchange_term>
			<ijR>1 1 2 -2 1</ijR>
			<data>2.71404e-06 	 2.71404e-06 	 2.71404e-06</data>
		</spin_exchange_term>
		<spin_exchange_term>
			<ijR>1 1 2 -2 2</ijR>
			<data>3.04567e-07 	 3.04567e-07 	 3.04567e-07</data>
		</spin_exchange_term>
		<spin_exchange_term>
			<ijR>1 1 2 -1 -2</ijR>
			<data>3.24018e-06 	 3.24018e-06 	 3.24018e-06</data>
		</spin_exchange_term>
		<spin_exchange_term>
			<ijR>1 1 2 -1 -1</ijR>
			<data>1.62420e-06 	 1.62420e-06 	 1.62420e-06</data>
		</spin_exchange_term>
		<spin_exchange_term>
			<ijR>1 1 2 -1 0</ijR>
			<data>2.17629e-04 	 2.17629e-04 	 2.17629e-04</data>
		</spin_exchange_term>
		<spin_exchange_term>
			<ijR>1 1 2 -1 1</ijR>
			<data>1.72523e-06 	 1.72523e-06 	 1.72523e-06</data>
		</spin_exchange_term>
		<spin_exchange_term>
			<ijR>1 1 2 -1 2</ijR>
			<data>3.22905e-06 	 3.22905e-06 	 3.22905e-06</data>
		</spin_exchange_term>
		<spin_exchange_term>
			<ijR>1 1 2 0 -2</ijR>
			<data>-7.28153e-05 	 -7.28153e-05 	 -7.28153e-05</data>
		</spin_exchange_term>
		<spin_exchange_term>
			<ijR>1 1 2 0 -1</ijR>
			<data>2.20036e-04 	 2.20036e-04 	 2.20036e-04</data>
		</spin_exchange_term>
		<spin_exchange_term>
			<ijR>1 1 2 0 0</ijR>
			<data>8.92400e-04 	 8.92400e-04 	 8.92400e-04</data>
		</spin_exchange_term>
		<spin_exchange_term>
			<ijR>1 1 2 0 1</ijR>
			<data>2.20310e-04 	 2.20310e-04 	 2.20310e-04</data>
		</spin_exchange_term>
		<spin_exchange_term>
			<ijR>1 1 2 0 2</ijR>
			<data>-7.18188e-05 	 -7.18188e-05 	 -7.18188e-05</data>
		</spin_exchange_term>
		<spin_exchange_term>
			<ijR>1 1 2 1 -2</ijR>
			<data>3.23855e-06 	 3.23855e-06 	 3.23855e-06</data>
		</spin_exchange_term>
		<spin_exchange_term>
			<ijR>1 1 2 1 -1</ijR>
			<data>1.71809e-06 	 1.71809e-06 	 1.71809e-06</data>
		</spin_exchange_term>
		<spin_exchange_term>
			<ijR>1 1 2 1 0</ijR>
			<data>2.17853e-04 	 2.17853e-04 	 2.17853e-04</data>
		</spin_exchange_term>
		<spin_exchange_term>
			<ijR>1 1 2 1 1</ijR>
			<data>1.64354e-06 	 1.64354e-06 	 1.64354e-06</data>
		</spin_exchange_term>
		<spin_exchange_term>
			<ijR>1 1 2 1 2</ijR>
			<data>3.19903e-06 	 3.19903e-06 	 3.19903e-06</data>
		</spin_exchange_term>
		<spin_exchange_term>
			<ijR>1 1 2 2 -2</ijR>
			<data>3.05191e-07 	 3.05191e-07 	 3.05191e-07</data>
		</spin_exchange_term>
		<spin_exchange_term>
			<ijR>1 1 2 2 -1</ijR>
			<data>2.70467e-06 	 2.70467e-06 	 2.70467e-06</data>
		</spin_exchange_term>
		<spin_exchange_term>
			<ijR>1 1 2 2 0</ijR>
			<data>-7.04336e-05 	 -7.04336e-05 	 -7.04336e-05</data>
		</spin_exchange_term>
		<spin_exchange_term>
			<ijR>1 1 2 2 1</ijR>
			<data>2.67855e-06 	 2.67855e-06 	 2.67855e-06</data>
		</spin_exchange_term>
		<spin_exchange_term>
			<ijR>1 1 2 2 2</ijR>
			<data>2.72964e-07 	 2.72964e-07 	 2.72964e-07</data>
		</spin_exchange_term>
	</spin_exchange_list>
	<spin_DMI_list units="eV">
		<nterms>124</nterms>
		<spin_DMI_term>
			<ijR>1 1 -2 -2 -2</ijR>
			<data>-7.50426e-11 	 7.34081e-11 	 1.69521e-12</data>
		</spin_DMI_term>
		<spin_DMI_term>
			<ijR>1 1 -2 -2 -1</ijR>
			<data>-3.17934e-09 	 3.06264e-09 	 4.86486e-13</data>
		</spin_DMI_term>
		<spin_DMI_term>
			<ijR>1 1 -2 -2 0</ijR>
			<data>1.12908e-08 	 -1.04104e-08 	 2.75557e-13</data>
		</spin_DMI_term>
		<spin_DMI_term>
			<ijR>1 1 -2 -2 1</ijR>
			<data>1.07189e-08 	 -1.08263e-08 	 -5.77752e-13</data>
		</spin_DMI_term>
		<spin_DMI_term>
			<ijR>1 1 -2 -2 2</ijR>
			<data>7.74107e-09 	 -7.74049e-09 	 -1.58773e-12</data>
		</spin_DMI_term>
		<spin_DMI_term>
			<ijR>1 1 -2 -1 -2</ijR>
			<data>3.23042e-09 	 -1.04870e-10 	 2.56489e-10</data>
		</spin_DMI_term>
		<spin_DMI_term>
			<ijR>1 1 -2 -1 -1</ijR>
			<data>7.75505e-10 	 -3.67644e-09 	 -1.39199e-09</data>
		</spin_DMI_term>
		<spin_DMI_term>
			<ijR>1 1 -2 -1 0</ijR>
			<data>-3.60876e-08 	 -2.75249e-08 	 1.96366e-08</data>
		</spin_DMI_term>
		<spin_DMI_term>
			<ijR>1 1 -2 -1 1</ijR>
			<data>-9.74711e-09 	 -1.45379e-09 	 -2.79196e-09</data>
		</spin_DMI_term>
		<spin_DMI_term>
			<ijR>1 1 -2 -1 2</ijR>
			<data>1.11964e-08 	 1.79618e-09 	 8.79388e-10</data>
		</spin_DMI_term>
		<spin_DMI_term>
			<ijR>1 1 -2 0 -2</ijR>
			<data>-1.15772e-08 	 -2.59000e-10 	 -9.72397e-10</data>
		</spin_DMI_term>
		<spin_DMI_term>
			<ijR>1 1 -2 0 -1</ijR>
			<data>3.96312e-08 	 -7.58061e-08 	 -3.03826e-09</data>
		</spin_DMI_term>
		<spin_DMI_term>
			<ijR>1 1 -2 0 0</ijR>
			<data>-3.15296e-09 	 3.93376e-08 	 -2.44722e-08</data>
		</spin_DMI_term>
		<spin_DMI_term>
			<ijR>1 1 -2 0 1</ijR>
			<data>-3.12052e-08 	 9.05896e-08 	 -2.97015e-09</data>
		</spin_DMI_term>
		<spin_DMI_term>
			<ijR>1 1 -2 0 2</ijR>
			<data>-1.01591e-08 	 -5.31977e-08 	 -8.27187e-10</data>
		</spin_DMI_term>
		<spin_DMI_term>
			<ijR>1 1 -2 1 -2</ijR>
			<data>-1.06322e-08 	 2.88569e-10 	 -7.56712e-10</data>
		</spin_DMI_term>
		<spin_DMI_term>
			<ijR>1 1 -2 1 -1</ijR>
			<data>1.04448e-08 	 -8.60862e-10 	 2.48932e-09</data>
		</spin_DMI_term>
		<spin_DMI_term>
			<ijR>1 1 -2 1 0</ijR>
			<data>2.55715e-08 	 1.66340e-08 	 1.58613e-08</data>
		</spin_DMI_term>
		<spin_DMI_term>
			<ijR>1 1 -2 1 1</ijR>
			<data>-2.50642e-10 	 1.51922e-10 	 4.27543e-09</data>
		</spin_DMI_term>
		<spin_DMI_term>
			<ijR>1 1 -2 1 2</ijR>
			<data>-3.70740e-09 	 1.85069e-09 	 -1.37061e-09</data>
		</spin_DMI_term>
		<spin_DMI_term>
			<ijR>1 1 -2 2 -2</ijR>
			<data>-7.49646e-09 	 5.40605e-11 	 3.03818e-10</data>
		</spin_DMI_term>
		<spin_DMI_term>
			<ijR>1 1 -2 2 -1</ijR>
			<data>-1.10806e-08 	 3.68486e-09 	 1.31538e-11</data>
		</spin_DMI_term>
		<spin_DMI_term>
			<ijR>1 1 -2 2 0</ijR>
			<data>1.18931e-08 	 1.15324e-08 	 2.16950e-08</data>
		</spin_DMI_term>
		<spin_DMI_term>
			<ijR>1 1 -2 2 1</ijR>
			<data>3.72281e-09 	 -1.11076e-08 	 1.49652e-11</data>
		</spin_DMI_term>
		<spin_DMI_term>
			<ijR>1 1 -2 2 2</ijR>
			<data>1.00714e-10 	 -7.54035e-09 	 2.99189e-10</data>
		</spin_DMI_term>
		<spin_DMI_term>
			<ijR>1 1 -1 -2 -2</ijR>
			<data>1.19195e-10 	 -3.20297e-09 	 -2.59443e-10</data>
		</spin_DMI_term>
		<spin_DMI_term>
			<ijR>1 1 -1 -2 -1</ijR>
			<data>3.63761e-09 	 -7.03165e-10 	 1.39110e-09</data>
		</spin_DMI_term>
		<spin_DMI_term>
			<ijR>1 1 -1 -2 0</ijR>
			<data>2.76614e-08 	 3.60659e-08 	 -1.96392e-08</data>
		</spin_DMI_term>
		<spin_DMI_term>
			<ijR>1 1 -1 -2 1</ijR>
			<data>1.40734e-09 	 9.80937e-09 	 2.79226e-09</data>
		</spin_DMI_term>
		<spin_DMI_term>
			<ijR>1 1 -1 -2 2</ijR>
			<data>-1.78257e-09 	 -1.11686e-08 	 -8.76335e-10</data>
		</spin_DMI_term>
		<spin_DMI_term>
			<ijR>1 1 -1 -1 -2</ijR>
			<data>-4.40366e-09 	 4.24969e-09 	 -1.99491e-12</data>
		</spin_DMI_term>
		<spin_DMI_term>
			<ijR>1 1 -1 -1 -1</ijR>
			<data>-2.47940e-10 	 8.18654e-10 	 -5.26865e-12</data>
		</spin_DMI_term>
		<spin_DMI_term>
			<ijR>1 1 -1 -1 0</ijR>
			<data>-1.90710e-08 	 1.78452e-08 	 -6.79423e-12</data>
		</spin_DMI_term>
		<spin_DMI_term>
			<ijR>1 1 -1 -1 1</ijR>
			<data>4.83110e-10 	 9.16057e-11 	 5.01932e-12</data>
		</spin_DMI_term>
		<spin_DMI_term>
			<ijR>1 1 -1 -1 2</ijR>
			<data>-1.06638e-09 	 9.18858e-10 	 2.08946e-12</data>
		</spin_DMI_term>
		<spin_DMI_term>
			<ijR>1 1 -1 0 -2</ijR>
			<data>-2.93701e-08 	 7.40310e-08 	 -2.95593e-09</data>
		</spin_DMI_term>
		<spin_DMI_term>
			<ijR>1 1 -1 0 -1</ijR>
			<data>2.72337e-08 	 -3.88482e-09 	 -2.95919e-08</data>
		</spin_DMI_term>
		<spin_DMI_term>
			<ijR>1 1 -1 0 0</ijR>
			<data>-7.28321e-09 	 7.95441e-08 	 1.71956e-08</data>
		</spin_DMI_term>
		<spin_DMI_term>
			<ijR>1 1 -1 0 1</ijR>
			<data>-9.68108e-09 	 2.98495e-07 	 -2.56409e-08</data>
		</spin_DMI_term>
		<spin_DMI_term>
			<ijR>1 1 -1 0 2</ijR>
			<data>-1.74743e-08 	 9.01679e-08 	 -2.07207e-09</data>
		</spin_DMI_term>
		<spin_DMI_term>
			<ijR>1 1 -1 1 -2</ijR>
			<data>-1.96616e-09 	 -1.58199e-10 	 -1.88909e-09</data>
		</spin_DMI_term>
		<spin_DMI_term>
			<ijR>1 1 -1 1 -1</ijR>
			<data>1.32887e-09 	 -1.47404e-09 	 1.07845e-08</data>
		</spin_DMI_term>
		<spin_DMI_term>
			<ijR>1 1 -1 1 0</ijR>
			<data>-1.85335e-09 	 -9.90057e-10 	 1.04230e-07</data>
		</spin_DMI_term>
		<spin_DMI_term>
			<ijR>1 1 -1 1 1</ijR>
			<data>-1.59245e-09 	 1.44974e-09 	 1.08165e-08</data>
		</spin_DMI_term>
		<spin_DMI_term>
			<ijR>1 1 -1 1 2</ijR>
			<data>-2.47198e-10 	 -1.86722e-09 	 -1.89156e-09</data>
		</spin_DMI_term>
		<spin_DMI_term>
			<ijR>1 1 -1 2 -2</ijR>
			<data>2.01588e-09 	 -3.64989e-09 	 -1.36833e-09</data>
		</spin_DMI_term>
		<spin_DMI_term>
			<ijR>1 1 -1 2 -1</ijR>
			<data>1.24182e-10 	 -2.88070e-10 	 4.27076e-09</data>
		</spin_DMI_term>
		<spin_DMI_term>
			<ijR>1 1 -1 2 0</ijR>
			<data>1.77847e-08 	 2.65216e-08 	 1.58594e-08</data>
		</spin_DMI_term>
		<spin_DMI_term>
			<ijR>1 1 -1 2 1</ijR>
			<data>-8.94682e-10 	 1.03960e-08 	 2.49395e-09</data>
		</spin_DMI_term>
		<spin_DMI_term>
			<ijR>1 1 -1 2 2</ijR>
			<data>4.55441e-10 	 -1.05727e-08 	 -7.58858e-10</data>
		</spin_DMI_term>
		<spin_DMI_term>
			<ijR>1 1 0 -2 -2</ijR>
			<data>1.36398e-10 	 1.13580e-08 	 9.68051e-10</data>
		</spin_DMI_term>
		<spin_DMI_term>
			<ijR>1 1 0 -2 -1</ijR>
			<data>7.54439e-08 	 -3.98236e-08 	 3.05742e-09</data>
		</spin_DMI_term>
		<spin_DMI_term>
			<ijR>1 1 0 -2 0</ijR>
			<data>-4.01115e-08 	 1.74133e-09 	 2.44722e-08</data>
		</spin_DMI_term>
		<spin_DMI_term>
			<ijR>1 1 0 -2 1</ijR>
			<data>-9.09546e-08 	 3.09721e-08 	 2.95182e-09</data>
		</spin_DMI_term>
		<spin_DMI_term>
			<ijR>1 1 0 -2 2</ijR>
			<data>5.30952e-08 	 9.94475e-09 	 8.31343e-10</data>
		</spin_DMI_term>
		<spin_DMI_term>
			<ijR>1 1 0 -1 -2</ijR>
			<data>-7.42614e-08 	 2.85484e-08 	 2.96281e-09</data>
		</spin_DMI_term>
		<spin_DMI_term>
			<ijR>1 1 0 -1 -1</ijR>
			<data>3.57727e-09 	 -2.74034e-08 	 2.97712e-08</data>
		</spin_DMI_term>
		<spin_DMI_term>
			<ijR>1 1 0 -1 0</ijR>
			<data>-7.84757e-08 	 4.77506e-09 	 -1.72017e-08</data>
		</spin_DMI_term>
		<spin_DMI_term>
			<ijR>1 1 0 -1 1</ijR>
			<data>-2.98858e-07 	 9.47665e-09 	 2.54692e-08</data>
		</spin_DMI_term>
		<spin_DMI_term>
			<ijR>1 1 0 -1 2</ijR>
			<data>-9.04171e-08 	 1.66415e-08 	 2.06597e-09</data>
		</spin_DMI_term>
		<spin_DMI_term>
			<ijR>1 1 0 0 -2</ijR>
			<data>3.93939e-08 	 -3.93354e-08 	 1.27832e-11</data>
		</spin_DMI_term>
		<spin_DMI_term>
			<ijR>1 1 0 0 -1</ijR>
			<data>8.87951e-08 	 -8.86201e-08 	 3.75635e-11</data>
		</spin_DMI_term>
		<spin_DMI_term>
			<ijR>1 1 0 0 1</ijR>
			<data>-8.87951e-08 	 8.86201e-08 	 -3.75635e-11</data>
		</spin_DMI_term>
		<spin_DMI_term>
			<ijR>1 1 0 0 2</ijR>
			<data>-3.93939e-08 	 3.93354e-08 	 -1.27832e-11</data>
		</spin_DMI_term>
		<spin_DMI_term>
			<ijR>1 1 0 1 -2</ijR>
			<data>9.04171e-08 	 -1.66415e-08 	 -2.06597e-09</data>
		</spin_DMI_term>
		<spin_DMI_term>
			<ijR>1 1 0 1 -1</ijR>
			<data>2.98858e-07 	 -9.47665e-09 	 -2.54692e-08</data>
		</spin_DMI_term>
		<spin_DMI_term>
			<ijR>1 1 0 1 0</ijR>
			<data>7.84757e-08 	 -4.77506e-09 	 1.72017e-08</data>
		</spin_DMI_term>
		<spin_DMI_term>
			<ijR>1 1 0 1 1</ijR>
			<data>-3.57727e-09 	 2.74034e-08 	 -2.97712e-08</data>
		</spin_DMI_term>
		<spin_DMI_term>
			<ijR>1 1 0 1 2</ijR>
			<data>7.42614e-08 	 -2.85484e-08 	 -2.96281e-09</data>
		</spin_DMI_term>
		<spin_DMI_term>
			<ijR>1 1 0 2 -2</ijR>
			<data>-5.30952e-08 	 -9.94475e-09 	 -8.31343e-10</data>
		</spin_DMI_term>
		<spin_DMI_term>
			<ijR>1 1 0 2 -1</ijR>
			<data>9.09546e-08 	 -3.09721e-08 	 -2.95182e-09</data>
		</spin_DMI_term>
		<spin_DMI_term>
			<ijR>1 1 0 2 0</ijR>
			<data>4.01115e-08 	 -1.74133e-09 	 -2.44722e-08</data>
		</spin_DMI_term>
		<spin_DMI_term>
			<ijR>1 1 0 2 1</ijR>
			<data>-7.54439e-08 	 3.98236e-08 	 -3.05742e-09</data>
		</spin_DMI_term>
		<spin_DMI_term>
			<ijR>1 1 0 2 2</ijR>
			<data>-1.36398e-10 	 -1.13580e-08 	 -9.68051e-10</data>
		</spin_DMI_term>
		<spin_DMI_term>
			<ijR>1 1 1 -2 -2</ijR>
			<data>-4.55441e-10 	 1.05727e-08 	 7.58858e-10</data>
		</spin_DMI_term>
		<spin_DMI_term>
			<ijR>1 1 1 -2 -1</ijR>
			<data>8.94682e-10 	 -1.03960e-08 	 -2.49395e-09</data>
		</spin_DMI_term>
		<spin_DMI_term>
			<ijR>1 1 1 -2 0</ijR>
			<data>-1.77847e-08 	 -2.65216e-08 	 -1.58594e-08</data>
		</spin_DMI_term>
		<spin_DMI_term>
			<ijR>1 1 1 -2 1</ijR>
			<data>-1.24182e-10 	 2.88070e-10 	 -4.27076e-09</data>
		</spin_DMI_term>
		<spin_DMI_term>
			<ijR>1 1 1 -2 2</ijR>
			<data>-2.01588e-09 	 3.64989e-09 	 1.36833e-09</data>
		</spin_DMI_term>
		<spin_DMI_term>
			<ijR>1 1 1 -1 -2</ijR>
			<data>2.47198e-10 	 1.86722e-09 	 1.89156e-09</data>
		</spin_DMI_term>
		<spin_DMI_term>
			<ijR>1 1 1 -1 -1</ijR>
			<data>1.59245e-09 	 -1.44974e-09 	 -1.08165e-08</data>
		</spin_DMI_term>
		<spin_DMI_term>
			<ijR>1 1 1 -1 0</ijR>
			<data>1.85335e-09 	 9.90057e-10 	 -1.04230e-07</data>
		</spin_DMI_term>
		<spin_DMI_term>
			<ijR>1 1 1 -1 1</ijR>
			<data>-1.32887e-09 	 1.47404e-09 	 -1.07845e-08</data>
		</spin_DMI_term>
		<spin_DMI_term>
			<ijR>1 1 1 -1 2</ijR>
			<data>1.96616e-09 	 1.58199e-10 	 1.88909e-09</data>
		</spin_DMI_term>
		<spin_DMI_term>
			<ijR>1 1 1 0 -2</ijR>
			<data>1.74743e-08 	 -9.01679e-08 	 2.07207e-09</data>
		</spin_DMI_term>
		<spin_DMI_term>
			<ijR>1 1 1 0 -1</ijR>
			<data>9.68108e-09 	 -2.98495e-07 	 2.56409e-08</data>
		</spin_DMI_term>
		<spin_DMI_term>
			<ijR>1 1 1 0 0</ijR>
			<data>7.28321e-09 	 -7.95441e-08 	 -1.71956e-08</data>
		</spin_DMI_term>
		<spin_DMI_term>
			<ijR>1 1 1 0 1</ijR>
			<data>-2.72337e-08 	 3.88482e-09 	 2.95919e-08</data>
		</spin_DMI_term>
		<spin_DMI_term>
			<ijR>1 1 1 0 2</ijR>
			<data>2.93701e-08 	 -7.40310e-08 	 2.95593e-09</data>
		</spin_DMI_term>
		<spin_DMI_term>
			<ijR>1 1 1 1 -2</ijR>
			<data>1.06638e-09 	 -9.18858e-10 	 -2.08946e-12</data>
		</spin_DMI_term>
		<spin_DMI_term>
			<ijR>1 1 1 1 -1</ijR>
			<data>-4.83110e-10 	 -9.16057e-11 	 -5.01932e-12</data>
		</spin_DMI_term>
		<spin_DMI_term>
			<ijR>1 1 1 1 0</ijR>
			<data>1.90710e-08 	 -1.78452e-08 	 6.79423e-12</data>
		</spin_DMI_term>
		<spin_DMI_term>
			<ijR>1 1 1 1 1</ijR>
			<data>2.47940e-10 	 -8.18654e-10 	 5.26865e-12</data>
		</spin_DMI_term>
		<spin_DMI_term>
			<ijR>1 1 1 1 2</ijR>
			<data>4.40366e-09 	 -4.24969e-09 	 1.99491e-12</data>
		</spin_DMI_term>
		<spin_DMI_term>
			<ijR>1 1 1 2 -2</ijR>
			<data>1.78257e-09 	 1.11686e-08 	 8.76335e-10</data>
		</spin_DMI_term>
		<spin_DMI_term>
			<ijR>1 1 1 2 -1</ijR>
			<data>-1.40734e-09 	 -9.80937e-09 	 -2.79226e-09</data>
		</spin_DMI_term>
		<spin_DMI_term>
			<ijR>1 1 1 2 0</ijR>
			<data>-2.76614e-08 	 -3.60659e-08 	 1.96392e-08</data>
		</spin_DMI_term>
		<spin_DMI_term>
			<ijR>1 1 1 2 1</ijR>
			<data>-3.63761e-09 	 7.03165e-10 	 -1.39110e-09</data>
		</spin_DMI_term>
		<spin_DMI_term>
			<ijR>1 1 1 2 2</ijR>
			<data>-1.19195e-10 	 3.20297e-09 	 2.59443e-10</data>
		</spin_DMI_term>
		<spin_DMI_term>
			<ijR>1 1 2 -2 -2</ijR>
			<data>-1.00714e-10 	 7.54035e-09 	 -2.99189e-10</data>
		</spin_DMI_term>
		<spin_DMI_term>
			<ijR>1 1 2 -2 -1</ijR>
			<data>-3.72281e-09 	 1.11076e-08 	 -1.49652e-11</data>
		</spin_DMI_term>
		<spin_DMI_term>
			<ijR>1 1 2 -2 0</ijR>
			<data>-1.18931e-08 	 -1.15324e-08 	 -2.16950e-08</data>
		</spin_DMI_term>
		<spin_DMI_term>
			<ijR>1 1 2 -2 1</ijR>
			<data>1.10806e-08 	 -3.68486e-09 	 -1.31538e-11</data>
		</spin_DMI_term>
		<spin_DMI_term>
			<ijR>1 1 2 -2 2</ijR>
			<data>7.49646e-09 	 -5.40605e-11 	 -3.03818e-10</data>
		</spin_DMI_term>
		<spin_DMI_term>
			<ijR>1 1 2 -1 -2</ijR>
			<data>3.70740e-09 	 -1.85069e-09 	 1.37061e-09</data>
		</spin_DMI_term>
		<spin_DMI_term>
			<ijR>1 1 2 -1 -1</ijR>
			<data>2.50642e-10 	 -1.51922e-10 	 -4.27543e-09</data>
		</spin_DMI_term>
		<spin_DMI_term>
			<ijR>1 1 2 -1 0</ijR>
			<data>-2.55715e-08 	 -1.66340e-08 	 -1.58613e-08</data>
		</spin_DMI_term>
		<spin_DMI_term>
			<ijR>1 1 2 -1 1</ijR>
			<data>-1.04448e-08 	 8.60862e-10 	 -2.48932e-09</data>
		</spin_DMI_term>
		<spin_DMI_term>
			<ijR>1 1 2 -1 2</ijR>
			<data>1.06322e-08 	 -2.88569e-10 	 7.56712e-10</data>
		</spin_DMI_term>
		<spin_DMI_term>
			<ijR>1 1 2 0 -2</ijR>
			<data>1.01591e-08 	 5.31977e-08 	 8.27187e-10</data>
		</spin_DMI_term>
		<spin_DMI_term>
			<ijR>1 1 2 0 -1</ijR>
			<data>3.12052e-08 	 -9.05896e-08 	 2.97015e-09</data>
		</spin_DMI_term>
		<spin_DMI_term>
			<ijR>1 1 2 0 0</ijR>
			<data>3.15296e-09 	 -3.93376e-08 	 2.44722e-08</data>
		</spin_DMI_term>
		<spin_DMI_term>
			<ijR>1 1 2 0 1</ijR>
			<data>-3.96312e-08 	 7.58061e-08 	 3.03826e-09</data>
		</spin_DMI_term>
		<spin_DMI_term>
			<ijR>1 1 2 0 2</ijR>
			<data>1.15772e-08 	 2.59000e-10 	 9.72397e-10</data>
		</spin_DMI_term>
		<spin_DMI_term>
			<ijR>1 1 2 1 -2</ijR>
			<data>-1.11964e-08 	 -1.79618e-09 	 -8.79388e-10</data>
		</spin_DMI_term>
		<spin_DMI_term>
			<ijR>1 1 2 1 -1</ijR>
			<data>9.74711e-09 	 1.45379e-09 	 2.79196e-09</data>
		</spin_DMI_term>
		<spin_DMI_term>
			<ijR>1 1 2 1 0</ijR>
			<data>3.60876e-08 	 2.75249e-08 	 -1.96366e-08</data>
		</spin_DMI_term>
		<spin_DMI_term>
			<ijR>1 1 2 1 1</ijR>
			<data>-7.75505e-10 	 3.67644e-09 	 1.39199e-09</data>
		</spin_DMI_term>
		<spin_DMI_term>
			<ijR>1 1 2 1 2</ijR>
			<data>-3.23042e-09 	 1.04870e-10 	 -2.56489e-10</data>
		</spin_DMI_term>
		<spin_DMI_term>
			<ijR>1 1 2 2 -2</ijR>
			<data>-7.74107e-09 	 7.74049e-09 	 1.58773e-12</data>
		</spin_DMI_term>
		<spin_DMI_term>
			<ijR>1 1 2 2 -1</ijR>
			<data>-1.07189e-08 	 1.08263e-08 	 5.77752e-13</data>
		</spin_DMI_term>
		<spin_DMI_term>
			<ijR>1 1 2 2 0</ijR>
			<data>-1.12908e-08 	 1.04104e-08 	 -2.75561e-13</data>
		</spin_DMI_term>
		<spin_DMI_term>
			<ijR>1 1 2 2 1</ijR>
			<data>3.17934e-09 	 -3.06264e-09 	 -4.86486e-13</data>
		</spin_DMI_term>
		<spin_DMI_term>
			<ijR>1 1 2 2 2</ijR>
			<data>7.50426e-11 	 -7.34081e-11 	 -1.69521e-12</data>
		</spin_DMI_term>
	</spin_DMI_list>
	<spin_bilinear_list units="eV">
		<nterms>124</nterms>
		<spin_bilinear_term>
			<ijR>1 1 -2 -2 -2</ijR>
			<data>2.17690e-06	1.41620e-10	-7.96877e-09	1.41620e-10	2.17690e-06	-5.39348e-09	-7.96877e-09	-5.39348e-09	1.06264e-03</data>
		</spin_bilinear_term>
		<spin_bilinear_term>
			<ijR>1 1 -2 -2 -1</ijR>
			<data>6.51985e-07	-3.75770e-09	-7.75963e-07	-3.75770e-09	6.51996e-07	-7.75811e-07	-7.75963e-07	-7.75811e-07	1.19618e-04</data>
		</spin_bilinear_term>
		<spin_bilinear_term>
			<ijR>1 1 -2 -2 0</ijR>
			<data>2.16896e-06	-1.51772e-07	-1.09290e-08	-1.51772e-07	2.16895e-06	-4.16216e-09	-1.09290e-08	-4.16216e-09	1.17280e-03</data>
		</spin_bilinear_term>
		<spin_bilinear_term>
			<ijR>1 1 -2 -2 1</ijR>
			<data>6.47396e-07	-4.01831e-09	7.61265e-07	-4.01831e-09	6.47383e-07	7.61403e-07	7.61265e-07	7.61403e-07	1.14765e-04</data>
		</spin_bilinear_term>
		<spin_bilinear_term>
			<ijR>1 1 -2 -2 2</ijR>
			<data>2.17312e-06	2.09780e-10	2.16158e-08	2.09780e-10	2.17312e-06	2.41657e-08	2.16158e-08	2.41657e-08	1.05997e-03</data>
		</spin_bilinear_term>
		<spin_bilinear_term>
			<ijR>1 1 -2 -1 -2</ijR>
			<data>1.58898e-07	6.59310e-09	-4.44745e-08	6.59310e-09	2.23359e-07	7.02089e-07	-4.44745e-08	7.02089e-07	1.12239e-04</data>
		</spin_bilinear_term>
		<spin_bilinear_term>
			<ijR>1 1 -2 -1 -1</ijR>
			<data>-1.19345e-07	4.71677e-08	4.42090e-07	4.71677e-08	-1.26783e-07	2.77058e-07	4.42090e-07	2.77058e-07	-1.00549e-04</data>
		</spin_bilinear_term>
		<spin_bilinear_term>
			<ijR>1 1 -2 -1 0</ijR>
			<data>4.42273e-07	4.13347e-08	-1.29295e-08	4.13347e-08	-1.21530e-07	-2.59954e-08	-1.29295e-08	-2.59954e-08	-1.44613e-03</data>
		</spin_bilinear_term>
		<spin_bilinear_term>
			<ijR>1 1 -2 -1 1</ijR>
			<data>-1.23755e-07	4.72611e-08	-4.22301e-07	4.72611e-08	-1.32697e-07	-2.60486e-07	-4.22301e-07	-2.60486e-07	-1.03745e-04</data>
		</spin_bilinear_term>
		<spin_bilinear_term>
			<ijR>1 1 -2 -1 2</ijR>
			<data>1.52788e-07	6.83864e-09	5.19871e-08	6.83864e-09	2.16951e-07	-6.64529e-07	5.19871e-08	-6.64529e-07	1.08722e-04</data>
		</spin_bilinear_term>
		<spin_bilinear_term>
			<ijR>1 1 -2 0 -2</ijR>
			<data>4.13329e-06	3.10673e-09	-1.20420e-08	3.10673e-09	3.48639e-06	1.25214e-08	-1.20420e-08	1.25214e-08	1.26191e-03</data>
		</spin_bilinear_term>
		<spin_bilinear_term>
			<ijR>1 1 -2 0 -1</ijR>
			<data>-3.38544e-06	2.25659e-10	3.38200e-05	2.25659e-10	-3.18757e-06	7.54143e-09	3.38200e-05	7.54143e-09	-1.38873e-03</data>
		</spin_bilinear_term>
		<spin_bilinear_term>
			<ijR>1 1 -2 0 0</ijR>
			<data>5.94869e-06	-6.77104e-09	6.27903e-07	-6.77104e-09	4.66188e-06	4.52096e-08	6.27903e-07	4.52096e-08	5.87009e-03</data>
		</spin_bilinear_term>
		<spin_bilinear_term>
			<ijR>1 1 -2 0 1</ijR>
			<data>-3.38538e-06	-1.02146e-09	-3.39666e-05	-1.02146e-09	-3.17645e-06	-3.44048e-08	-3.39666e-05	-3.44048e-08	-1.38596e-03</data>
		</spin_bilinear_term>
		<spin_bilinear_term>
			<ijR>1 1 -2 0 2</ijR>
			<data>4.15356e-06	-2.72775e-09	1.39298e-08	-2.72775e-09	3.47401e-06	-1.67369e-08	1.39298e-08	-1.67369e-08	1.26362e-03</data>
		</spin_bilinear_term>
		<spin_bilinear_term>
			<ijR>1 1 -2 1 -2</ijR>
			<data>1.47540e-07	-6.65160e-09	-4.47435e-08	-6.65160e-09	2.12505e-07	-6.85880e-07	-4.47435e-08	-6.85880e-07	1.07580e-04</data>
		</spin_bilinear_term>
		<spin_bilinear_term>
			<ijR>1 1 -2 1 -1</ijR>
			<data>-1.26289e-07	-4.68656e-08	4.26421e-07	-4.68656e-08	-1.34139e-07	-3.03884e-07	4.26421e-07	-3.03884e-07	-1.03646e-04</data>
		</spin_bilinear_term>
		<spin_bilinear_term>
			<ijR>1 1 -2 1 0</ijR>
			<data>4.44897e-07	-4.19180e-08	-1.02917e-10	-4.19180e-08	-1.19653e-07	1.53000e-08	-1.02917e-10	1.53000e-08	-1.44377e-03</data>
		</spin_bilinear_term>
		<spin_bilinear_term>
			<ijR>1 1 -2 1 1</ijR>
			<data>-1.24435e-07	-4.73278e-08	-4.53258e-07	-4.73278e-08	-1.31558e-07	2.76675e-07	-4.53258e-07	2.76675e-07	-1.03435e-04</data>
		</spin_bilinear_term>
		<spin_bilinear_term>
			<ijR>1 1 -2 1 2</ijR>
			<data>1.50161e-07	-6.85777e-09	3.74982e-08	-6.85777e-09	2.13938e-07	7.09025e-07	3.74982e-08	7.09025e-07	1.08942e-04</data>
		</spin_bilinear_term>
		<spin_bilinear_term>
			<ijR>1 1 -2 2 -2</ijR>
			<data>2.17158e-06	-1.91027e-10	-7.34297e-09	-1.91027e-10	2.17129e-06	1.31983e-08	-7.34297e-09	1.31983e-08	1.06018e-03</data>
		</spin_bilinear_term>
		<spin_bilinear_term>
			<ijR>1 1 -2 2 -1</ijR>
			<data>6.46759e-07	3.75811e-09	-7.82574e-07	3.75811e-09	6.47156e-07	7.38812e-07	-7.82574e-07	7.38812e-07	1.16265e-04</data>
		</spin_bilinear_term>
		<spin_bilinear_term>
			<ijR>1 1 -2 2 0</ijR>
			<data>2.16838e-06	1.50833e-07	1.29805e-08	1.50833e-07	2.16840e-06	2.74058e-08	1.29805e-08	2.74058e-08	1.17424e-03</data>
		</spin_bilinear_term>
		<spin_bilinear_term>
			<ijR>1 1 -2 2 1</ijR>
			<data>6.47119e-07	3.76654e-09	7.39025e-07	3.76654e-09	6.46719e-07	-7.82795e-07	7.39025e-07	-7.82795e-07	1.16264e-04</data>
		</spin_bilinear_term>
		<spin_bilinear_term>
			<ijR>1 1 -2 2 2</ijR>
			<data>2.17126e-06	-1.95464e-10	1.11723e-08	-1.95464e-10	2.17155e-06	-5.30866e-09	1.11723e-08	-5.30866e-09	1.06018e-03</data>
		</spin_bilinear_term>
		<spin_bilinear_term>
			<ijR>1 1 -1 -2 -2</ijR>
			<data>2.23394e-07	6.59716e-09	7.01489e-07	6.59716e-09	1.58944e-07	-4.40040e-08	7.01489e-07	-4.40040e-08	1.12260e-04</data>
		</spin_bilinear_term>
		<spin_bilinear_term>
			<ijR>1 1 -1 -2 -1</ijR>
			<data>-1.26775e-07	4.71605e-08	2.77219e-07	4.71605e-08	-1.19314e-07	4.41899e-07	2.77219e-07	4.41899e-07	-1.00559e-04</data>
		</spin_bilinear_term>
		<spin_bilinear_term>
			<ijR>1 1 -1 -2 0</ijR>
			<data>-1.21420e-07	4.13352e-08	-1.73734e-08	4.13352e-08	4.42387e-07	-1.80801e-08	-1.73734e-08	-1.80801e-08	-1.44598e-03</data>
		</spin_bilinear_term>
		<spin_bilinear_term>
			<ijR>1 1 -1 -2 1</ijR>
			<data>-1.32733e-07	4.72703e-08	-2.60257e-07	4.72703e-08	-1.23817e-07	-4.22527e-07	-2.60257e-07	-4.22527e-07	-1.03755e-04</data>
		</spin_bilinear_term>
		<spin_bilinear_term>
			<ijR>1 1 -1 -2 2</ijR>
			<data>2.16956e-07	6.83498e-09	-6.65187e-07	6.83498e-09	1.52785e-07	5.24532e-08	-6.65187e-07	5.24532e-08	1.08743e-04</data>
		</spin_bilinear_term>
		<spin_bilinear_term>
			<ijR>1 1 -1 -1 -2</ijR>
			<data>-3.01957e-08	8.35326e-08	-4.89038e-07	8.35326e-08	-3.02177e-08	-4.88667e-07	-4.89038e-07	-4.88667e-07	-9.73757e-05</data>
		</spin_bilinear_term>
		<spin_bilinear_term>
			<ijR>1 1 -1 -1 -1</ijR>
			<data>4.59742e-08	2.93203e-07	3.54530e-07	2.93203e-07	4.58533e-08	3.53178e-07	3.54530e-07	3.53178e-07	-1.30946e-04</data>
		</spin_bilinear_term>
		<spin_bilinear_term>
			<ijR>1 1 -1 -1 0</ijR>
			<data>-3.23518e-06	-9.56642e-07	-1.32806e-07	-9.56642e-07	-3.23520e-06	-1.53667e-07	-1.32806e-07	-1.53667e-07	-2.55689e-03</data>
		</spin_bilinear_term>
		<spin_bilinear_term>
			<ijR>1 1 -1 -1 1</ijR>
			<data>4.15342e-08	2.91162e-07	-3.42543e-07	2.91162e-07	4.16659e-08	-3.43908e-07	-3.42543e-07	-3.43908e-07	-1.30043e-04</data>
		</spin_bilinear_term>
		<spin_bilinear_term>
			<ijR>1 1 -1 -1 2</ijR>
			<data>-3.68694e-08	8.29601e-08	4.97658e-07	8.29601e-08	-3.68435e-08	4.98050e-07	4.97658e-07	4.98050e-07	-1.00331e-04</data>
		</spin_bilinear_term>
		<spin_bilinear_term>
			<ijR>1 1 -1 0 -2</ijR>
			<data>-5.82457e-06	-1.77226e-09	-3.36384e-05	-1.77226e-09	-5.17057e-06	-6.37455e-10	-3.36384e-05	-6.37455e-10	-1.44255e-03</data>
		</spin_bilinear_term>
		<spin_bilinear_term>
			<ijR>1 1 -1 0 -1</ijR>
			<data>-1.20612e-05	3.45274e-09	9.65430e-07	3.45274e-09	-8.11657e-06	1.25139e-07	9.65430e-07	1.25139e-07	-2.56529e-03</data>
		</spin_bilinear_term>
