<?xml version="1.0" ?>
<System_definition>
	<unit_cell units="bohrradius">7.18936e+00	-0.00000e+00	0.00000e+00	
-0.00000e+00	7.18935e+00	0.00000e+00	
0.00000e+00	0.00000e+00	7.18937e+00</unit_cell>
	<atom mass="8.76200e+01" massunits="atomicmassunit" damping_factor="1.00000" gyroratio="1.00000e+00" index_spin="0">
		<position units="bohrradius">0.00000e+00	0.00000e+00	0.00000e+00</position>
		<spinat>1.71675e-05	-1.62533e-05	-8.81486e-02</spinat>
	</atom>
	<atom mass="5.49380e+01" massunits="atomicmassunit" damping_factor="1.00000" gyroratio="1.00000e+00" index_spin="1">
		<position units="bohrradius">3.59468e+00	3.59468e+00	3.59468e+00</position>
		<spinat>-6.53327e-07	2.95051e-05	3.13981e+00</spinat>
	</atom>
	<atom mass="1.59990e+01" massunits="atomicmassunit" damping_factor="1.00000" gyroratio="1.00000e+00" index_spin="0">
		<position units="bohrradius">0.00000e+00	3.59468e+00	3.59468e+00</position>
		<spinat>-2.61078e-05	4.71288e-07	9.91139e-03</spinat>
	</atom>
	<atom mass="1.59990e+01" massunits="atomicmassunit" damping_factor="1.00000" gyroratio="1.00000e+00" index_spin="0">
		<position units="bohrradius">3.59468e+00	0.00000e+00	3.59468e+00</position>
		<spinat>-1.97070e-06	-2.44333e-05	9.90631e-03</spinat>
	</atom>
	<atom mass="1.59990e+01" massunits="atomicmassunit" damping_factor="1.00000" gyroratio="1.00000e+00" index_spin="0">
		<position units="bohrradius">3.59468e+00	3.59468e+00	0.00000e+00</position>
		<spinat>2.57744e-05	2.71297e-05	1.26341e-02</spinat>
	</atom>
	<spin_exchange_list units="eV">
		<nterms>124</nterms>
		<spin_exchange_term>
			<ijR>1 1 -2 -2 -2</ijR>
			<data>-2.45084e-04 	 -2.45084e-04 	 -2.45084e-04</data>
		</spin_exchange_term>
		<spin_exchange_term>
			<ijR>1 1 -2 -2 -1</ijR>
			<data>4.41541e-04 	 4.41541e-04 	 4.41541e-04</data>
		</spin_exchange_term>
		<spin_exchange_term>
			<ijR>1 1 -2 -2 0</ijR>
			<data>-2.57772e-04 	 -2.57772e-04 	 -2.57772e-04</data>
		</spin_exchange_term>
		<spin_exchange_term>
			<ijR>1 1 -2 -2 1</ijR>
			<data>4.45089e-04 	 4.45089e-04 	 4.45089e-04</data>
		</spin_exchange_term>
		<spin_exchange_term>
			<ijR>1 1 -2 -2 2</ijR>
			<data>-2.45610e-04 	 -2.45610e-04 	 -2.45610e-04</data>
		</spin_exchange_term>
		<spin_exchange_term>
			<ijR>1 1 -2 -1 -2</ijR>
			<data>-5.68205e-05 	 -5.68205e-05 	 -5.68205e-05</data>
		</spin_exchange_term>
		<spin_exchange_term>
			<ijR>1 1 -2 -1 -1</ijR>
			<data>9.29031e-05 	 9.29031e-05 	 9.29031e-05</data>
		</spin_exchange_term>
		<spin_exchange_term>
			<ijR>1 1 -2 -1 0</ijR>
			<data>4.75225e-04 	 4.75225e-04 	 4.75225e-04</data>
		</spin_exchange_term>
		<spin_exchange_term>
			<ijR>1 1 -2 -1 1</ijR>
			<data>9.55184e-05 	 9.55184e-05 	 9.55184e-05</data>
		</spin_exchange_term>
		<spin_exchange_term>
			<ijR>1 1 -2 -1 2</ijR>
			<data>-5.78748e-05 	 -5.78748e-05 	 -5.78748e-05</data>
		</spin_exchange_term>
		<spin_exchange_term>
			<ijR>1 1 -2 0 -2</ijR>
			<data>-1.12619e-04 	 -1.12619e-04 	 -1.12619e-04</data>
		</spin_exchange_term>
		<spin_exchange_term>
			<ijR>1 1 -2 0 -1</ijR>
			<data>2.24509e-04 	 2.24509e-04 	 2.24509e-04</data>
		</spin_exchange_term>
		<spin_exchange_term>
			<ijR>1 1 -2 0 0</ijR>
			<data>7.26145e-04 	 7.26145e-04 	 7.26145e-04</data>
		</spin_exchange_term>
		<spin_exchange_term>
			<ijR>1 1 -2 0 1</ijR>
			<data>2.25204e-04 	 2.25204e-04 	 2.25204e-04</data>
		</spin_exchange_term>
		<spin_exchange_term>
			<ijR>1 1 -2 0 2</ijR>
			<data>-1.16043e-04 	 -1.16043e-04 	 -1.16043e-04</data>
		</spin_exchange_term>
		<spin_exchange_term>
			<ijR>1 1 -2 1 -2</ijR>
			<data>-5.68073e-05 	 -5.68073e-05 	 -5.68073e-05</data>
		</spin_exchange_term>
		<spin_exchange_term>
			<ijR>1 1 -2 1 -1</ijR>
			<data>9.61035e-05 	 9.61035e-05 	 9.61035e-05</data>
		</spin_exchange_term>
		<spin_exchange_term>
			<ijR>1 1 -2 1 0</ijR>
			<data>4.76974e-04 	 4.76974e-04 	 4.76974e-04</data>
		</spin_exchange_term>
		<spin_exchange_term>
			<ijR>1 1 -2 1 1</ijR>
			<data>9.50592e-05 	 9.50592e-05 	 9.50592e-05</data>
		</spin_exchange_term>
		<spin_exchange_term>
			<ijR>1 1 -2 1 2</ijR>
			<data>-5.72739e-05 	 -5.72739e-05 	 -5.72739e-05</data>
		</spin_exchange_term>
		<spin_exchange_term>
			<ijR>1 1 -2 2 -2</ijR>
			<data>-2.44668e-04 	 -2.44668e-04 	 -2.44668e-04</data>
		</spin_exchange_term>
		<spin_exchange_term>
			<ijR>1 1 -2 2 -1</ijR>
			<data>4.44564e-04 	 4.44564e-04 	 4.44564e-04</data>
		</spin_exchange_term>
		<spin_exchange_term>
			<ijR>1 1 -2 2 0</ijR>
			<data>-2.61260e-04 	 -2.61260e-04 	 -2.61260e-04</data>
		</spin_exchange_term>
		<spin_exchange_term>
			<ijR>1 1 -2 2 1</ijR>
			<data>4.44541e-04 	 4.44541e-04 	 4.44541e-04</data>
		</spin_exchange_term>
		<spin_exchange_term>
			<ijR>1 1 -2 2 2</ijR>
			<data>-2.44713e-04 	 -2.44713e-04 	 -2.44713e-04</data>
		</spin_exchange_term>
		<spin_exchange_term>
			<ijR>1 1 -1 -2 -2</ijR>
			<data>-4.80985e-05 	 -4.80985e-05 	 -4.80985e-05</data>
		</spin_exchange_term>
		<spin_exchange_term>
			<ijR>1 1 -1 -2 -1</ijR>
			<data>8.89914e-05 	 8.89914e-05 	 8.89914e-05</data>
		</spin_exchange_term>
		<spin_exchange_term>
			<ijR>1 1 -1 -2 0</ijR>
			<data>4.65647e-04 	 4.65647e-04 	 4.65647e-04</data>
		</spin_exchange_term>
		<spin_exchange_term>
			<ijR>1 1 -1 -2 1</ijR>
			<data>9.16757e-05 	 9.16757e-05 	 9.16757e-05</data>
		</spin_exchange_term>
		<spin_exchange_term>
			<ijR>1 1 -1 -2 2</ijR>
			<data>-4.91392e-05 	 -4.91392e-05 	 -4.91392e-05</data>
		</spin_exchange_term>
		<spin_exchange_term>
			<ijR>1 1 -1 -1 -2</ijR>
			<data>1.69777e-05 	 1.69777e-05 	 1.69777e-05</data>
		</spin_exchange_term>
		<spin_exchange_term>
			<ijR>1 1 -1 -1 -1</ijR>
			<data>-1.71884e-04 	 -1.71884e-04 	 -1.71884e-04</data>
		</spin_exchange_term>
		<spin_exchange_term>
			<ijR>1 1 -1 -1 0</ijR>
			<data>-8.81346e-04 	 -8.81346e-04 	 -8.81346e-04</data>
		</spin_exchange_term>
		<spin_exchange_term>
			<ijR>1 1 -1 -1 1</ijR>
			<data>-1.67857e-04 	 -1.67857e-04 	 -1.67857e-04</data>
		</spin_exchange_term>
		<spin_exchange_term>
			<ijR>1 1 -1 -1 2</ijR>
			<data>1.65595e-05 	 1.65595e-05 	 1.65595e-05</data>
		</spin_exchange_term>
		<spin_exchange_term>
			<ijR>1 1 -1 0 -2</ijR>
			<data>2.73752e-04 	 2.73752e-04 	 2.73752e-04</data>
		</spin_exchange_term>
		<spin_exchange_term>
			<ijR>1 1 -1 0 -1</ijR>
			<data>-1.30790e-03 	 -1.30790e-03 	 -1.30790e-03</data>
		</spin_exchange_term>
		<spin_exchange_term>
			<ijR>1 1 -1 0 0</ijR>
			<data>-1.02531e-02 	 -1.02531e-02 	 -1.02531e-02</data>
		</spin_exchange_term>
		<spin_exchange_term>
			<ijR>1 1 -1 0 1</ijR>
			<data>-1.30970e-03 	 -1.30970e-03 	 -1.30970e-03</data>
		</spin_exchange_term>
		<spin_exchange_term>
			<ijR>1 1 -1 0 2</ijR>
			<data>2.75806e-04 	 2.75806e-04 	 2.75806e-04</data>
		</spin_exchange_term>
		<spin_exchange_term>
			<ijR>1 1 -1 1 -2</ijR>
			<data>1.66927e-05 	 1.66927e-05 	 1.66927e-05</data>
		</spin_exchange_term>
		<spin_exchange_term>
			<ijR>1 1 -1 1 -1</ijR>
			<data>-1.69766e-04 	 -1.69766e-04 	 -1.69766e-04</data>
		</spin_exchange_term>
		<spin_exchange_term>
			<ijR>1 1 -1 1 0</ijR>
			<data>-8.86266e-04 	 -8.86266e-04 	 -8.86266e-04</data>
		</spin_exchange_term>
		<spin_exchange_term>
			<ijR>1 1 -1 1 1</ijR>
			<data>-1.69744e-04 	 -1.69744e-04 	 -1.69744e-04</data>
		</spin_exchange_term>
		<spin_exchange_term>
			<ijR>1 1 -1 1 2</ijR>
			<data>1.66422e-05 	 1.66422e-05 	 1.66422e-05</data>
		</spin_exchange_term>
		<spin_exchange_term>
			<ijR>1 1 -1 2 -2</ijR>
			<data>-4.85531e-05 	 -4.85531e-05 	 -4.85531e-05</data>
		</spin_exchange_term>
		<spin_exchange_term>
			<ijR>1 1 -1 2 -1</ijR>
			<data>9.11514e-05 	 9.11514e-05 	 9.11514e-05</data>
		</spin_exchange_term>
		<spin_exchange_term>
			<ijR>1 1 -1 2 0</ijR>
			<data>4.67396e-04 	 4.67396e-04 	 4.67396e-04</data>
		</spin_exchange_term>
		<spin_exchange_term>
			<ijR>1 1 -1 2 1</ijR>
			<data>9.21902e-05 	 9.21902e-05 	 9.21902e-05</data>
		</spin_exchange_term>
		<spin_exchange_term>
			<ijR>1 1 -1 2 2</ijR>
			<data>-4.80504e-05 	 -4.80504e-05 	 -4.80504e-05</data>
		</spin_exchange_term>
		<spin_exchange_term>
			<ijR>1 1 0 -2 -2</ijR>
			<data>-1.10063e-04 	 -1.10063e-04 	 -1.10063e-04</data>
		</spin_exchange_term>
		<spin_exchange_term>
			<ijR>1 1 0 -2 -1</ijR>
			<data>2.23561e-04 	 2.23561e-04 	 2.23561e-04</data>
		</spin_exchange_term>
		<spin_exchange_term>
			<ijR>1 1 0 -2 0</ijR>
			<data>7.26231e-04 	 7.26231e-04 	 7.26231e-04</data>
		</spin_exchange_term>
		<spin_exchange_term>
			<ijR>1 1 0 -2 1</ijR>
			<data>2.24247e-04 	 2.24247e-04 	 2.24247e-04</data>
		</spin_exchange_term>
		<spin_exchange_term>
			<ijR>1 1 0 -2 2</ijR>
			<data>-1.13433e-04 	 -1.13433e-04 	 -1.13433e-04</data>
		</spin_exchange_term>
		<spin_exchange_term>
			<ijR>1 1 0 -1 -2</ijR>
			<data>2.64804e-04 	 2.64804e-04 	 2.64804e-04</data>
		</spin_exchange_term>
		<spin_exchange_term>
			<ijR>1 1 0 -1 -1</ijR>
			<data>-1.30604e-03 	 -1.30604e-03 	 -1.30604e-03</data>
		</spin_exchange_term>
		<spin_exchange_term>
			<ijR>1 1 0 -1 0</ijR>
			<data>-1.02323e-02 	 -1.02323e-02 	 -1.02323e-02</data>
		</spin_exchange_term>
		<spin_exchange_term>
			<ijR>1 1 0 -1 1</ijR>
			<data>-1.30793e-03 	 -1.30793e-03 	 -1.30793e-03</data>
		</spin_exchange_term>
		<spin_exchange_term>
			<ijR>1 1 0 -1 2</ijR>
			<data>2.66892e-04 	 2.66892e-04 	 2.66892e-04</data>
		</spin_exchange_term>
		<spin_exchange_term>
			<ijR>1 1 0 0 -2</ijR>
			<data>7.87846e-04 	 7.87846e-04 	 7.87846e-04</data>
		</spin_exchange_term>
		<spin_exchange_term>
			<ijR>1 1 0 0 -1</ijR>
			<data>-1.08455e-02 	 -1.08455e-02 	 -1.08455e-02</data>
		</spin_exchange_term>
		<spin_exchange_term>
			<ijR>1 1 0 0 1</ijR>
			<data>-1.08455e-02 	 -1.08455e-02 	 -1.08455e-02</data>
		</spin_exchange_term>
		<spin_exchange_term>
			<ijR>1 1 0 0 2</ijR>
			<data>7.87846e-04 	 7.87846e-04 	 7.87846e-04</data>
		</spin_exchange_term>
		<spin_exchange_term>
			<ijR>1 1 0 1 -2</ijR>
			<data>2.66892e-04 	 2.66892e-04 	 2.66892e-04</data>
		</spin_exchange_term>
		<spin_exchange_term>
			<ijR>1 1 0 1 -1</ijR>
			<data>-1.30793e-03 	 -1.30793e-03 	 -1.30793e-03</data>
		</spin_exchange_term>
		<spin_exchange_term>
			<ijR>1 1 0 1 0</ijR>
			<data>-1.02323e-02 	 -1.02323e-02 	 -1.02323e-02</data>
		</spin_exchange_term>
		<spin_exchange_term>
			<ijR>1 1 0 1 1</ijR>
			<data>-1.30604e-03 	 -1.30604e-03 	 -1.30604e-03</data>
		</spin_exchange_term>
		<spin_exchange_term>
			<ijR>1 1 0 1 2</ijR>
			<data>2.64804e-04 	 2.64804e-04 	 2.64804e-04</data>
		</spin_exchange_term>
		<spin_exchange_term>
			<ijR>1 1 0 2 -2</ijR>
			<data>-1.13433e-04 	 -1.13433e-04 	 -1.13433e-04</data>
		</spin_exchange_term>
		<spin_exchange_term>
			<ijR>1 1 0 2 -1</ijR>
			<data>2.24247e-04 	 2.24247e-04 	 2.24247e-04</data>
		</spin_exchange_term>
		<spin_exchange_term>
			<ijR>1 1 0 2 0</ijR>
			<data>7.26231e-04 	 7.26231e-04 	 7.26231e-04</data>
		</spin_exchange_term>
		<spin_exchange_term>
			<ijR>1 1 0 2 1</ijR>
			<data>2.23561e-04 	 2.23561e-04 	 2.23561e-04</data>
		</spin_exchange_term>
		<spin_exchange_term>
			<ijR>1 1 0 2 2</ijR>
			<data>-1.10063e-04 	 -1.10063e-04 	 -1.10063e-04</data>
		</spin_exchange_term>
		<spin_exchange_term>
			<ijR>1 1 1 -2 -2</ijR>
			<data>-4.80504e-05 	 -4.80504e-05 	 -4.80504e-05</data>
		</spin_exchange_term>
		<spin_exchange_term>
			<ijR>1 1 1 -2 -1</ijR>
			<data>9.21902e-05 	 9.21902e-05 	 9.21902e-05</data>
		</spin_exchange_term>
		<spin_exchange_term>
			<ijR>1 1 1 -2 0</ijR>
			<data>4.67396e-04 	 4.67396e-04 	 4.67396e-04</data>
		</spin_exchange_term>
		<spin_exchange_term>
			<ijR>1 1 1 -2 1</ijR>
			<data>9.11514e-05 	 9.11514e-05 	 9.11514e-05</data>
		</spin_exchange_term>
		<spin_exchange_term>
			<ijR>1 1 1 -2 2</ijR>
			<data>-4.85531e-05 	 -4.85531e-05 	 -4.85531e-05</data>
		</spin_exchange_term>
		<spin_exchange_term>
			<ijR>1 1 1 -1 -2</ijR>
			<data>1.66422e-05 	 1.66422e-05 	 1.66422e-05</data>
		</spin_exchange_term>
		<spin_exchange_term>
			<ijR>1 1 1 -1 -1</ijR>
			<data>-1.69744e-04 	 -1.69744e-04 	 -1.69744e-04</data>
		</spin_exchange_term>
		<spin_exchange_term>
			<ijR>1 1 1 -1 0</ijR>
			<data>-8.86266e-04 	 -8.86266e-04 	 -8.86266e-04</data>
		</spin_exchange_term>
		<spin_exchange_term>
			<ijR>1 1 1 -1 1</ijR>
			<data>-1.69766e-04 	 -1.69766e-04 	 -1.69766e-04</data>
		</spin_exchange_term>
		<spin_exchange_term>
			<ijR>1 1 1 -1 2</ijR>
			<data>1.66927e-05 	 1.66927e-05 	 1.66927e-05</data>
		</spin_exchange_term>
		<spin_exchange_term>
			<ijR>1 1 1 0 -2</ijR>
			<data>2.75806e-04 	 2.75806e-04 	 2.75806e-04</data>
		</spin_exchange_term>
		<spin_exchange_term>
			<ijR>1 1 1 0 -1</ijR>
			<data>-1.30970e-03 	 -1.30970e-03 	 -1.30970e-03</data>
		</spin_exchange_term>
		<spin_exchange_term>
			<ijR>1 1 1 0 0</ijR>
			<data>-1.02531e-02 	 -1.02531e-02 	 -1.02531e-02</data>
		</spin_exchange_term>
		<spin_exchange_term>
			<ijR>1 1 1 0 1</ijR>
			<data>-1.30790e-03 	 -1.30790e-03 	 -1.30790e-03</data>
		</spin_exchange_term>
		<spin_exchange_term>
			<ijR>1 1 1 0 2</ijR>
			<data>2.73752e-04 	 2.73752e-04 	 2.73752e-04</data>
		</spin_exchange_term>
		<spin_exchange_term>
			<ijR>1 1 1 1 -2</ijR>
			<data>1.65595e-05 	 1.65595e-05 	 1.65595e-05</data>
		</spin_exchange_term>
		<spin_exchange_term>
			<ijR>1 1 1 1 -1</ijR>
			<data>-1.67857e-04 	 -1.67857e-04 	 -1.67857e-04</data>
		</spin_exchange_term>
		<spin_exchange_term>
			<ijR>1 1 1 1 0</ijR>
			<data>-8.81346e-04 	 -8.81346e-04 	 -8.81346e-04</data>
		</spin_exchange_term>
		<spin_exchange_term>
			<ijR>1 1 1 1 1</ijR>
			<data>-1.71884e-04 	 -1.71884e-04 	 -1.71884e-04</data>
		</spin_exchange_term>
		<spin_exchange_term>
			<ijR>1 1 1 1 2</ijR>
			<data>1.69777e-05 	 1.69777e-05 	 1.69777e-05</data>
		</spin_exchange_term>
		<spin_exchange_term>
			<ijR>1 1 1 2 -2</ijR>
			<data>-4.91392e-05 	 -4.91392e-05 	 -4.91392e-05</data>
		</spin_exchange_term>
		<spin_exchange_term>
			<ijR>1 1 1 2 -1</ijR>
			<data>9.16757e-05 	 9.16757e-05 	 9.16757e-05</data>
		</spin_exchange_term>
		<spin_exchange_term>
			<ijR>1 1 1 2 0</ijR>
			<data>4.65647e-04 	 4.65647e-04 	 4.65647e-04</data>
		</spin_exchange_term>
		<spin_exchange_term>
			<ijR>1 1 1 2 1</ijR>
			<data>8.89914e-05 	 8.89914e-05 	 8.89914e-05</data>
		</spin_exchange_term>
		<spin_exchange_term>
			<ijR>1 1 1 2 2</ijR>
			<data>-4.80985e-05 	 -4.80985e-05 	 -4.80985e-05</data>
		</spin_exchange_term>
		<spin_exchange_term>
			<ijR>1 1 2 -2 -2</ijR>
			<data>-2.44713e-04 	 -2.44713e-04 	 -2.44713e-04</data>
		</spin_exchange_term>
		<spin_exchange_term>
			<ijR>1 1 2 -2 -1</ijR>
			<data>4.44541e-04 	 4.44541e-04 	 4.44541e-04</data>
		</spin_exchange_term>
		<spin_exchange_term>
			<ijR>1 1 2 -2 0</ijR>
			<data>-2.61260e-04 	 -2.61260e-04 	 -2.61260e-04</data>
		</spin_exchange_term>
		<spin_exchange_term>
			<ijR>1 1 2 -2 1</ijR>
			<data>4.44564e-04 	 4.44564e-04 	 4.44564e-04</data>
		</spin_exchange_term>
		<spin_exchange_term>
			<ijR>1 1 2 -2 2</ijR>
			<data>-2.44668e-04 	 -2.44668e-04 	 -2.44668e-04</data>
		</spin_exchange_term>
		<spin_exchange_term>
			<ijR>1 1 2 -1 -2</ijR>
			<data>-5.72739e-05 	 -5.72739e-05 	 -5.72739e-05</data>
		</spin_exchange_term>
		<spin_exchange_term>
			<ijR>1 1 2 -1 -1</ijR>
			<data>9.50592e-05 	 9.50592e-05 	 9.50592e-05</data>
		</spin_exchange_term>
		<spin_exchange_term>
			<ijR>1 1 2 -1 0</ijR>
			<data>4.76974e-04 	 4.76974e-04 	 4.76974e-04</data>
		</spin_exchange_term>
		<spin_exchange_term>
			<ijR>1 1 2 -1 1</ijR>
			<data>9.61035e-05 	 9.61035e-05 	 9.61035e-05</data>
		</spin_exchange_term>
		<spin_exchange_term>
			<ijR>1 1 2 -1 2</ijR>
			<data>-5.68073e-05 	 -5.68073e-05 	 -5.68073e-05</data>
		</spin_exchange_term>
		<spin_exchange_term>
			<ijR>1 1 2 0 -2</ijR>
			<data>-1.16043e-04 	 -1.16043e-04 	 -1.16043e-04</data>
		</spin_exchange_term>
		<spin_exchange_term>
			<ijR>1 1 2 0 -1</ijR>
			<data>2.25204e-04 	 2.25204e-04 	 2.25204e-04</data>
		</spin_exchange_term>
		<spin_exchange_term>
			<ijR>1 1 2 0 0</ijR>
			<data>7.26145e-04 	 7.26145e-04 	 7.26145e-04</data>
		</spin_exchange_term>
		<spin_exchange_term>
			<ijR>1 1 2 0 1</ijR>
			<data>2.24509e-04 	 2.24509e-04 	 2.24509e-04</data>
		</spin_exchange_term>
		<spin_exchange_term>
			<ijR>1 1 2 0 2</ijR>
			<data>-1.12619e-04 	 -1.12619e-04 	 -1.12619e-04</data>
		</spin_exchange_term>
		<spin_exchange_term>
			<ijR>1 1 2 1 -2</ijR>
			<data>-5.78748e-05 	 -5.78748e-05 	 -5.78748e-05</data>
		</spin_exchange_term>
		<spin_exchange_term>
			<ijR>1 1 2 1 -1</ijR>
			<data>9.55184e-05 	 9.55184e-05 	 9.55184e-05</data>
		</spin_exchange_term>
		<spin_exchange_term>
			<ijR>1 1 2 1 0</ijR>
			<data>4.75225e-04 	 4.75225e-04 	 4.75225e-04</data>
		</spin_exchange_term>
		<spin_exchange_term>
			<ijR>1 1 2 1 1</ijR>
			<data>9.29031e-05 	 9.29031e-05 	 9.29031e-05</data>
		</spin_exchange_term>
		<spin_exchange_term>
			<ijR>1 1 2 1 2</ijR>
			<data>-5.68205e-05 	 -5.68205e-05 	 -5.68205e-05</data>
		</spin_exchange_term>
		<spin_exchange_term>
			<ijR>1 1 2 2 -2</ijR>
			<data>-2.45610e-04 	 -2.45610e-04 	 -2.45610e-04</data>
		</spin_exchange_term>
		<spin_exchange_term>
			<ijR>1 1 2 2 -1</ijR>
			<data>4.45089e-04 	 4.45089e-04 	 4.45089e-04</data>
		</spin_exchange_term>
		<spin_exchange_term>
			<ijR>1 1 2 2 0</ijR>
			<data>-2.57772e-04 	 -2.57772e-04 	 -2.57772e-04</data>
		</spin_exchange_term>
		<spin_exchange_term>
			<ijR>1 1 2 2 1</ijR>
			<data>4.41541e-04 	 4.41541e-04 	 4.41541e-04</data>
		</spin_exchange_term>
		<spin_exchange_term>
			<ijR>1 1 2 2 2</ijR>
			<data>-2.45084e-04 	 -2.45084e-04 	 -2.45084e-04</data>
		</spin_exchange_term>
	</spin_exchange_list>
	<spin_DMI_list units="eV">
		<nterms>124</nterms>
		<spin_DMI_term>
			<ijR>1 1 -2 -2 -2</ijR>
			<data>-1.38747e-08 	 1.62687e-08 	 -6.84518e-09</data>
		</spin_DMI_term>
		<spin_DMI_term>
			<ijR>1 1 -2 -2 -1</ijR>
			<data>7.81702e-08 	 -7.67566e-08 	 -6.84308e-09</data>
		</spin_DMI_term>
		<spin_DMI_term>
			<ijR>1 1 -2 -2 0</ijR>
			<data>7.36101e-08 	 -7.16742e-08 	 -2.40851e-09</data>
		</spin_DMI_term>
		<spin_DMI_term>
			<ijR>1 1 -2 -2 1</ijR>
			<data>8.43900e-08 	 -8.49432e-08 	 6.64039e-09</data>
		</spin_DMI_term>
		<spin_DMI_term>
			<ijR>1 1 -2 -2 2</ijR>
			<data>-2.98495e-08 	 2.91211e-08 	 1.07392e-08</data>
		</spin_DMI_term>
		<spin_DMI_term>
			<ijR>1 1 -2 -1 -2</ijR>
			<data>-3.26865e-08 	 3.32634e-08 	 4.15159e-07</data>
		</spin_DMI_term>
		<spin_DMI_term>
			<ijR>1 1 -2 -1 -1</ijR>
			<data>-8.64339e-08 	 -1.57168e-07 	 5.16205e-07</data>
		</spin_DMI_term>
		<spin_DMI_term>
			<ijR>1 1 -2 -1 0</ijR>
			<data>-5.27685e-08 	 -1.57050e-07 	 -7.34729e-07</data>
		</spin_DMI_term>
		<spin_DMI_term>
			<ijR>1 1 -2 -1 1</ijR>
			<data>-2.47420e-08 	 -1.48030e-07 	 1.25404e-07</data>
		</spin_DMI_term>
		<spin_DMI_term>
			<ijR>1 1 -2 -1 2</ijR>
			<data>1.77853e-08 	 -4.33623e-08 	 2.14571e-07</data>
		</spin_DMI_term>
		<spin_DMI_term>
			<ijR>1 1 -2 0 -2</ijR>
			<data>-3.31800e-08 	 -2.67788e-08 	 2.71299e-07</data>
		</spin_DMI_term>
		<spin_DMI_term>
			<ijR>1 1 -2 0 -1</ijR>
			<data>-7.22509e-08 	 -6.15242e-08 	 -5.61328e-08</data>
		</spin_DMI_term>
		<spin_DMI_term>
			<ijR>1 1 -2 0 0</ijR>
			<data>-4.25035e-08 	 3.41116e-08 	 -1.48992e-07</data>
		</spin_DMI_term>
		<spin_DMI_term>
			<ijR>1 1 -2 0 1</ijR>
			<data>5.55084e-08 	 1.23353e-07 	 8.38321e-08</data>
		</spin_DMI_term>
		<spin_DMI_term>
			<ijR>1 1 -2 0 2</ijR>
			<data>5.48821e-08 	 -4.32850e-08 	 4.34518e-07</data>
		</spin_DMI_term>
		<spin_DMI_term>
			<ijR>1 1 -2 1 -2</ijR>
			<data>7.56084e-08 	 7.44271e-08 	 8.21809e-09</data>
		</spin_DMI_term>
		<spin_DMI_term>
			<ijR>1 1 -2 1 -1</ijR>
			<data>1.20229e-07 	 -1.35664e-07 	 -2.28688e-07</data>
		</spin_DMI_term>
		<spin_DMI_term>
			<ijR>1 1 -2 1 0</ijR>
			<data>1.32579e-08 	 -1.51574e-07 	 4.37651e-07</data>
		</spin_DMI_term>
		<spin_DMI_term>
			<ijR>1 1 -2 1 1</ijR>
			<data>-4.72925e-08 	 -1.22445e-07 	 2.57677e-07</data>
		</spin_DMI_term>
		<spin_DMI_term>
			<ijR>1 1 -2 1 2</ijR>
			<data>-1.29637e-08 	 -6.94336e-08 	 3.18864e-07</data>
		</spin_DMI_term>
		<spin_DMI_term>
			<ijR>1 1 -2 2 -2</ijR>
			<data>7.41145e-08 	 3.41097e-08 	 3.96663e-07</data>
		</spin_DMI_term>
		<spin_DMI_term>
			<ijR>1 1 -2 2 -1</ijR>
			<data>-1.65797e-08 	 -1.87892e-07 	 1.28127e-07</data>
		</spin_DMI_term>
		<spin_DMI_term>
			<ijR>1 1 -2 2 0</ijR>
			<data>-1.83731e-07 	 -1.80832e-07 	 -3.54913e-07</data>
		</spin_DMI_term>
		<spin_DMI_term>
			<ijR>1 1 -2 2 1</ijR>
			<data>-1.89309e-07 	 -1.63869e-08 	 1.09272e-07</data>
		</spin_DMI_term>
		<spin_DMI_term>
			<ijR>1 1 -2 2 2</ijR>
			<data>3.33072e-08 	 7.27219e-08 	 3.79811e-07</data>
		</spin_DMI_term>
		<spin_DMI_term>
			<ijR>1 1 -1 -2 -2</ijR>
			<data>-3.30514e-08 	 3.65601e-08 	 -4.07273e-07</data>
		</spin_DMI_term>
		<spin_DMI_term>
			<ijR>1 1 -1 -2 -1</ijR>
			<data>1.57124e-07 	 8.70330e-08 	 -5.08478e-07</data>
		</spin_DMI_term>
		<spin_DMI_term>
			<ijR>1 1 -1 -2 0</ijR>
			<data>1.54444e-07 	 5.14892e-08 	 7.39522e-07</data>
		</spin_DMI_term>
		<spin_DMI_term>
			<ijR>1 1 -1 -2 1</ijR>
			<data>1.49099e-07 	 2.45331e-08 	 -1.30175e-07</data>
		</spin_DMI_term>
		<spin_DMI_term>
			<ijR>1 1 -1 -2 2</ijR>
			<data>4.48371e-08 	 -1.94671e-08 	 -2.06788e-07</data>
		</spin_DMI_term>
		<spin_DMI_term>
			<ijR>1 1 -1 -1 -2</ijR>
			<data>7.50051e-08 	 -7.46476e-08 	 -3.12136e-09</data>
		</spin_DMI_term>
		<spin_DMI_term>
			<ijR>1 1 -1 -1 -1</ijR>
			<data>6.45577e-08 	 -6.57592e-08 	 1.17546e-08</data>
		</spin_DMI_term>
		<spin_DMI_term>
			<ijR>1 1 -1 -1 0</ijR>
			<data>-1.03071e-07 	 1.01482e-07 	 4.90730e-09</data>
		</spin_DMI_term>
		<spin_DMI_term>
			<ijR>1 1 -1 -1 1</ijR>
			<data>5.08685e-08 	 -4.82657e-08 	 -3.48653e-09</data>
		</spin_DMI_term>
		<spin_DMI_term>
			<ijR>1 1 -1 -1 2</ijR>
			<data>4.68198e-08 	 -4.51436e-08 	 -6.59381e-09</data>
		</spin_DMI_term>
		<spin_DMI_term>
			<ijR>1 1 -1 0 -2</ijR>
			<data>-4.88688e-08 	 1.76958e-07 	 -1.67390e-08</data>
		</spin_DMI_term>
		<spin_DMI_term>
			<ijR>1 1 -1 0 -1</ijR>
			<data>7.66627e-08 	 2.43458e-08 	 -2.18046e-07</data>
		</spin_DMI_term>
		<spin_DMI_term>
			<ijR>1 1 -1 0 0</ijR>
			<data>-2.20331e-09 	 -1.11667e-07 	 -3.76355e-07</data>
		</spin_DMI_term>
		<spin_DMI_term>
			<ijR>1 1 -1 0 1</ijR>
			<data>-5.85405e-08 	 1.99726e-07 	 -2.53519e-08</data>
		</spin_DMI_term>
		<spin_DMI_term>
			<ijR>1 1 -1 0 2</ijR>
			<data>6.58757e-08 	 7.45425e-08 	 -1.74929e-07</data>
		</spin_DMI_term>
		<spin_DMI_term>
			<ijR>1 1 -1 1 -2</ijR>
			<data>-8.08568e-09 	 -7.59173e-08 	 -2.21436e-07</data>
		</spin_DMI_term>
		<spin_DMI_term>
			<ijR>1 1 -1 1 -1</ijR>
			<data>-7.58677e-09 	 -9.53092e-08 	 5.16324e-07</data>
		</spin_DMI_term>
		<spin_DMI_term>
			<ijR>1 1 -1 1 0</ijR>
			<data>1.46371e-07 	 1.46975e-07 	 -2.76443e-07</data>
		</spin_DMI_term>
		<spin_DMI_term>
			<ijR>1 1 -1 1 1</ijR>
			<data>-9.47457e-08 	 -6.96303e-09 	 5.30921e-07</data>
		</spin_DMI_term>
		<spin_DMI_term>
			<ijR>1 1 -1 1 2</ijR>
			<data>-7.89918e-08 	 -9.88742e-09 	 -2.18530e-07</data>
		</spin_DMI_term>
		<spin_DMI_term>
			<ijR>1 1 -1 2 -2</ijR>
			<data>-7.09225e-08 	 -1.33617e-08 	 3.18401e-07</data>
		</spin_DMI_term>
		<spin_DMI_term>
			<ijR>1 1 -1 2 -1</ijR>
			<data>-1.22732e-07 	 -4.61546e-08 	 2.54227e-07</data>
		</spin_DMI_term>
		<spin_DMI_term>
			<ijR>1 1 -1 2 0</ijR>
			<data>-1.50426e-07 	 1.37490e-08 	 4.40494e-07</data>
		</spin_DMI_term>
		<spin_DMI_term>
			<ijR>1 1 -1 2 1</ijR>
			<data>-1.35698e-07 	 1.20413e-07 	 -2.21816e-07</data>
		</spin_DMI_term>
		<spin_DMI_term>
			<ijR>1 1 -1 2 2</ijR>
			<data>7.39411e-08 	 7.62913e-08 	 9.19090e-10</data>
		</spin_DMI_term>
		<spin_DMI_term>
			<ijR>1 1 0 -2 -2</ijR>
			<data>2.63525e-08 	 3.43231e-08 	 -2.66786e-07</data>
		</spin_DMI_term>
		<spin_DMI_term>
			<ijR>1 1 0 -2 -1</ijR>
			<data>5.96355e-08 	 7.29203e-08 	 5.84041e-08</data>
		</spin_DMI_term>
		<spin_DMI_term>
			<ijR>1 1 0 -2 0</ijR>
			<data>-3.24057e-08 	 4.12066e-08 	 1.50059e-07</data>
		</spin_DMI_term>
		<spin_DMI_term>
			<ijR>1 1 0 -2 1</ijR>
			<data>-1.22271e-07 	 -5.60057e-08 	 -8.60666e-08</data>
		</spin_DMI_term>
		<spin_DMI_term>
			<ijR>1 1 0 -2 2</ijR>
			<data>4.53215e-08 	 -5.62708e-08 	 -4.25283e-07</data>
		</spin_DMI_term>
		<spin_DMI_term>
			<ijR>1 1 0 -1 -2</ijR>
			<data>-1.75405e-07 	 4.89642e-08 	 2.19365e-08</data>
		</spin_DMI_term>
		<spin_DMI_term>
			<ijR>1 1 0 -1 -1</ijR>
			<data>-2.91677e-08 	 -7.52059e-08 	 2.20701e-07</data>
		</spin_DMI_term>
		<spin_DMI_term>
			<ijR>1 1 0 -1 0</ijR>
			<data>1.09488e-07 	 2.21579e-10 	 3.94741e-07</data>
		</spin_DMI_term>
		<spin_DMI_term>
			<ijR>1 1 0 -1 1</ijR>
			<data>-2.00536e-07 	 5.67347e-08 	 2.62117e-08</data>
		</spin_DMI_term>
		<spin_DMI_term>
			<ijR>1 1 0 -1 2</ijR>
			<data>-6.97098e-08 	 -6.57814e-08 	 1.74510e-07</data>
		</spin_DMI_term>
		<spin_DMI_term>
			<ijR>1 1 0 0 -2</ijR>
			<data>1.02380e-07 	 -1.05217e-07 	 -9.17841e-10</data>
		</spin_DMI_term>
		<spin_DMI_term>
			<ijR>1 1 0 0 -1</ijR>
			<data>-2.88817e-07 	 2.90189e-07 	 3.13198e-09</data>
		</spin_DMI_term>
		<spin_DMI_term>
			<ijR>1 1 0 0 1</ijR>
			<data>2.88817e-07 	 -2.90189e-07 	 -3.13198e-09</data>
		</spin_DMI_term>
		<spin_DMI_term>
			<ijR>1 1 0 0 2</ijR>
			<data>-1.02380e-07 	 1.05217e-07 	 9.17841e-10</data>
		</spin_DMI_term>
		<spin_DMI_term>
			<ijR>1 1 0 1 -2</ijR>
			<data>6.97098e-08 	 6.57814e-08 	 -1.74510e-07</data>
		</spin_DMI_term>
		<spin_DMI_term>
			<ijR>1 1 0 1 -1</ijR>
			<data>2.00536e-07 	 -5.67347e-08 	 -2.62117e-08</data>
		</spin_DMI_term>
		<spin_DMI_term>
			<ijR>1 1 0 1 0</ijR>
			<data>-1.09488e-07 	 -2.21579e-10 	 -3.94741e-07</data>
		</spin_DMI_term>
		<spin_DMI_term>
			<ijR>1 1 0 1 1</ijR>
			<data>2.91677e-08 	 7.52059e-08 	 -2.20701e-07</data>
		</spin_DMI_term>
		<spin_DMI_term>
			<ijR>1 1 0 1 2</ijR>
			<data>1.75405e-07 	 -4.89642e-08 	 -2.19365e-08</data>
		</spin_DMI_term>
		<spin_DMI_term>
			<ijR>1 1 0 2 -2</ijR>
			<data>-4.53215e-08 	 5.62708e-08 	 4.25283e-07</data>
		</spin_DMI_term>
		<spin_DMI_term>
			<ijR>1 1 0 2 -1</ijR>
			<data>1.22271e-07 	 5.60057e-08 	 8.60666e-08</data>
		</spin_DMI_term>
		<spin_DMI_term>
			<ijR>1 1 0 2 0</ijR>
			<data>3.24057e-08 	 -4.12066e-08 	 -1.50059e-07</data>
		</spin_DMI_term>
		<spin_DMI_term>
			<ijR>1 1 0 2 1</ijR>
			<data>-5.96355e-08 	 -7.29203e-08 	 -5.84041e-08</data>
		</spin_DMI_term>
		<spin_DMI_term>
			<ijR>1 1 0 2 2</ijR>
			<data>-2.63525e-08 	 -3.43231e-08 	 2.66786e-07</data>
		</spin_DMI_term>
		<spin_DMI_term>
			<ijR>1 1 1 -2 -2</ijR>
			<data>-7.39411e-08 	 -7.62913e-08 	 -9.19090e-10</data>
		</spin_DMI_term>
		<spin_DMI_term>
			<ijR>1 1 1 -2 -1</ijR>
			<data>1.35698e-07 	 -1.20413e-07 	 2.21816e-07</data>
		</spin_DMI_term>
		<spin_DMI_term>
			<ijR>1 1 1 -2 0</ijR>
			<data>1.50426e-07 	 -1.37490e-08 	 -4.40494e-07</data>
		</spin_DMI_term>
		<spin_DMI_term>
			<ijR>1 1 1 -2 1</ijR>
			<data>1.22732e-07 	 4.61546e-08 	 -2.54227e-07</data>
		</spin_DMI_term>
		<spin_DMI_term>
			<ijR>1 1 1 -2 2</ijR>
			<data>7.09225e-08 	 1.33617e-08 	 -3.18401e-07</data>
		</spin_DMI_term>
		<spin_DMI_term>
			<ijR>1 1 1 -1 -2</ijR>
			<data>7.89918e-08 	 9.88742e-09 	 2.18530e-07</data>
		</spin_DMI_term>
		<spin_DMI_term>
			<ijR>1 1 1 -1 -1</ijR>
			<data>9.47457e-08 	 6.96303e-09 	 -5.30921e-07</data>
		</spin_DMI_term>
		<spin_DMI_term>
			<ijR>1 1 1 -1 0</ijR>
			<data>-1.46371e-07 	 -1.46975e-07 	 2.76443e-07</data>
		</spin_DMI_term>
		<spin_DMI_term>
			<ijR>1 1 1 -1 1</ijR>
			<data>7.58677e-09 	 9.53092e-08 	 -5.16324e-07</data>
		</spin_DMI_term>
		<spin_DMI_term>
			<ijR>1 1 1 -1 2</ijR>
			<data>8.08568e-09 	 7.59173e-08 	 2.21436e-07</data>
		</spin_DMI_term>
		<spin_DMI_term>
			<ijR>1 1 1 0 -2</ijR>
			<data>-6.58757e-08 	 -7.45425e-08 	 1.74929e-07</data>
		</spin_DMI_term>
		<spin_DMI_term>
			<ijR>1 1 1 0 -1</ijR>
			<data>5.85405e-08 	 -1.99726e-07 	 2.53519e-08</data>
		</spin_DMI_term>
		<spin_DMI_term>
			<ijR>1 1 1 0 0</ijR>
			<data>2.20331e-09 	 1.11667e-07 	 3.76355e-07</data>
		</spin_DMI_term>
		<spin_DMI_term>
			<ijR>1 1 1 0 1</ijR>
			<data>-7.66627e-08 	 -2.43458e-08 	 2.18046e-07</data>
		</spin_DMI_term>
		<spin_DMI_term>
			<ijR>1 1 1 0 2</ijR>
			<data>4.88688e-08 	 -1.76958e-07 	 1.67390e-08</data>
		</spin_DMI_term>
		<spin_DMI_term>
			<ijR>1 1 1 1 -2</ijR>
			<data>-4.68198e-08 	 4.51436e-08 	 6.59381e-09</data>
		</spin_DMI_term>
		<spin_DMI_term>
			<ijR>1 1 1 1 -1</ijR>
			<data>-5.08685e-08 	 4.82657e-08 	 3.48653e-09</data>
		</spin_DMI_term>
		<spin_DMI_term>
			<ijR>1 1 1 1 0</ijR>
			<data>1.03071e-07 	 -1.01482e-07 	 -4.90730e-09</data>
		</spin_DMI_term>
		<spin_DMI_term>
			<ijR>1 1 1 1 1</ijR>
			<data>-6.45577e-08 	 6.57592e-08 	 -1.17546e-08</data>
		</spin_DMI_term>
		<spin_DMI_term>
			<ijR>1 1 1 1 2</ijR>
			<data>-7.50051e-08 	 7.46476e-08 	 3.12136e-09</data>
		</spin_DMI_term>
		<spin_DMI_term>
			<ijR>1 1 1 2 -2</ijR>
			<data>-4.48371e-08 	 1.94671e-08 	 2.06788e-07</data>
		</spin_DMI_term>
		<spin_DMI_term>
			<ijR>1 1 1 2 -1</ijR>
			<data>-1.49099e-07 	 -2.45331e-08 	 1.30175e-07</data>
		</spin_DMI_term>
		<spin_DMI_term>
			<ijR>1 1 1 2 0</ijR>
			<data>-1.54444e-07 	 -5.14892e-08 	 -7.39522e-07</data>
		</spin_DMI_term>
		<spin_DMI_term>
			<ijR>1 1 1 2 1</ijR>
			<data>-1.57124e-07 	 -8.70330e-08 	 5.08478e-07</data>
		</spin_DMI_term>
		<spin_DMI_term>
			<ijR>1 1 1 2 2</ijR>
			<data>3.30514e-08 	 -3.65601e-08 	 4.07273e-07</data>
		</spin_DMI_term>
		<spin_DMI_term>
			<ijR>1 1 2 -2 -2</ijR>
			<data>-3.33072e-08 	 -7.27219e-08 	 -3.79811e-07</data>
		</spin_DMI_term>
		<spin_DMI_term>
			<ijR>1 1 2 -2 -1</ijR>
			<data>1.89309e-07 	 1.63869e-08 	 -1.09272e-07</data>
		</spin_DMI_term>
		<spin_DMI_term>
			<ijR>1 1 2 -2 0</ijR>
			<data>1.83731e-07 	 1.80832e-07 	 3.54913e-07</data>
		</spin_DMI_term>
		<spin_DMI_term>
			<ijR>1 1 2 -2 1</ijR>
			<data>1.65797e-08 	 1.87892e-07 	 -1.28127e-07</data>
		</spin_DMI_term>
		<spin_DMI_term>
			<ijR>1 1 2 -2 2</ijR>
			<data>-7.41145e-08 	 -3.41097e-08 	 -3.96663e-07</data>
		</spin_DMI_term>
		<spin_DMI_term>
			<ijR>1 1 2 -1 -2</ijR>
			<data>1.29637e-08 	 6.94336e-08 	 -3.18864e-07</data>
		</spin_DMI_term>
		<spin_DMI_term>
			<ijR>1 1 2 -1 -1</ijR>
			<data>4.72925e-08 	 1.22445e-07 	 -2.57677e-07</data>
		</spin_DMI_term>
		<spin_DMI_term>
			<ijR>1 1 2 -1 0</ijR>
			<data>-1.32579e-08 	 1.51574e-07 	 -4.37651e-07</data>
		</spin_DMI_term>
		<spin_DMI_term>
			<ijR>1 1 2 -1 1</ijR>
			<data>-1.20229e-07 	 1.35664e-07 	 2.28688e-07</data>
		</spin_DMI_term>
		<spin_DMI_term>
			<ijR>1 1 2 -1 2</ijR>
			<data>-7.56084e-08 	 -7.44271e-08 	 -8.21809e-09</data>
		</spin_DMI_term>
		<spin_DMI_term>
			<ijR>1 1 2 0 -2</ijR>
			<data>-5.48821e-08 	 4.32850e-08 	 -4.34518e-07</data>
		</spin_DMI_term>
		<spin_DMI_term>
			<ijR>1 1 2 0 -1</ijR>
			<data>-5.55084e-08 	 -1.23353e-07 	 -8.38321e-08</data>
		</spin_DMI_term>
		<spin_DMI_term>
			<ijR>1 1 2 0 0</ijR>
			<data>4.25035e-08 	 -3.41116e-08 	 1.48992e-07</data>
		</spin_DMI_term>
		<spin_DMI_term>
			<ijR>1 1 2 0 1</ijR>
			<data>7.22509e-08 	 6.15242e-08 	 5.61328e-08</data>
		</spin_DMI_term>
		<spin_DMI_term>
			<ijR>1 1 2 0 2</ijR>
			<data>3.31800e-08 	 2.67788e-08 	 -2.71299e-07</data>
		</spin_DMI_term>
		<spin_DMI_term>
			<ijR>1 1 2 1 -2</ijR>
			<data>-1.77853e-08 	 4.33623e-08 	 -2.14571e-07</data>
		</spin_DMI_term>
		<spin_DMI_term>
			<ijR>1 1 2 1 -1</ijR>
			<data>2.47420e-08 	 1.48030e-07 	 -1.25404e-07</data>
		</spin_DMI_term>
		<spin_DMI_term>
			<ijR>1 1 2 1 0</ijR>
			<data>5.27685e-08 	 1.57050e-07 	 7.34729e-07</data>
		</spin_DMI_term>
		<spin_DMI_term>
			<ijR>1 1 2 1 1</ijR>
			<data>8.64339e-08 	 1.57168e-07 	 -5.16205e-07</data>
		</spin_DMI_term>
		<spin_DMI_term>
			<ijR>1 1 2 1 2</ijR>
			<data>3.26865e-08 	 -3.32634e-08 	 -4.15159e-07</data>
		</spin_DMI_term>
		<spin_DMI_term>
			<ijR>1 1 2 2 -2</ijR>
			<data>2.98495e-08 	 -2.91211e-08 	 -1.07392e-08</data>
		</spin_DMI_term>
		<spin_DMI_term>
			<ijR>1 1 2 2 -1</ijR>
			<data>-8.43900e-08 	 8.49432e-08 	 -6.64039e-09</data>
		</spin_DMI_term>
		<spin_DMI_term>
			<ijR>1 1 2 2 0</ijR>
			<data>-7.36101e-08 	 7.16742e-08 	 2.40851e-09</data>
		</spin_DMI_term>
		<spin_DMI_term>
			<ijR>1 1 2 2 1</ijR>
			<data>-7.81702e-08 	 7.67566e-08 	 6.84308e-09</data>
		</spin_DMI_term>
		<spin_DMI_term>
			<ijR>1 1 2 2 2</ijR>
			<data>1.38747e-08 	 -1.62687e-08 	 6.84518e-09</data>
		</spin_DMI_term>
	</spin_DMI_list>
	<spin_bilinear_list units="eV">
		<nterms>124</nterms>
		<spin_bilinear_term>
			<ijR>1 1 -2 -2 -2</ijR>
			<data>6.34644e-04	-6.88667e-05	-3.82718e-06	-6.88667e-05	6.35603e-04	-3.40343e-06	-3.82718e-06	-3.40343e-06	4.91163e-05</data>
		</spin_bilinear_term>
		<spin_bilinear_term>
			<ijR>1 1 -2 -2 -1</ijR>
			<data>-5.49145e-05	1.17423e-04	-1.31569e-05	1.17423e-04	-5.39780e-05	-1.34940e-05	-1.31569e-05	-1.34940e-05	-3.00523e-04</data>
		</spin_bilinear_term>
		<spin_bilinear_term>
			<ijR>1 1 -2 -2 0</ijR>
			<data>-1.54411e-04	-2.56760e-05	-1.73500e-07	-2.56760e-05	-1.52603e-04	-1.87602e-07	-1.73500e-07	-1.87602e-07	-3.31740e-03</data>
		</spin_bilinear_term>
		<spin_bilinear_term>
			<ijR>1 1 -2 -2 1</ijR>
			<data>-5.54165e-05	1.18332e-04	1.30856e-05	1.18332e-04	-5.45717e-05	1.34254e-05	1.30856e-05	1.34254e-05	-3.01981e-04</data>
		</spin_bilinear_term>
		<spin_bilinear_term>
			<ijR>1 1 -2 -2 2</ijR>
			<data>6.32758e-04	-6.95971e-05	4.04919e-06	-6.95971e-05	6.33725e-04	3.62745e-06	4.04919e-06	3.62745e-06	4.74283e-05</data>
		</spin_bilinear_term>
		<spin_bilinear_term>
			<ijR>1 1 -2 -1 -2</ijR>
			<data>1.45406e-04	-4.48140e-05	-1.38182e-05	-4.48140e-05	2.97528e-04	-4.03260e-07	-1.38182e-05	-4.03260e-07	-7.98183e-05</data>
		</spin_bilinear_term>
		<spin_bilinear_term>
			<ijR>1 1 -2 -1 -1</ijR>
			<data>1.57559e-04	-8.11924e-06	-7.51079e-06	-8.11924e-06	5.88469e-05	2.33944e-05	-7.51079e-06	2.33944e-05	-1.44156e-04</data>
		</spin_bilinear_term>
		<spin_bilinear_term>
			<ijR>1 1 -2 -1 0</ijR>
			<data>-6.00221e-06	2.28981e-05	-3.47097e-08	2.28981e-05	1.51217e-04	-2.55277e-08	-3.47097e-08	-2.55277e-08	-3.11980e-03</data>
		</spin_bilinear_term>
		<spin_bilinear_term>
			<ijR>1 1 -2 -1 1</ijR>
			<data>1.58748e-04	-7.85830e-06	7.56463e-06	-7.85830e-06	5.86683e-05	-2.34623e-05	7.56463e-06	-2.34623e-05	-1.44984e-04</data>
		</spin_bilinear_term>
		<spin_bilinear_term>
			<ijR>1 1 -2 -1 2</ijR>
			<data>1.46103e-04	-4.45296e-05	1.37574e-05	-4.45296e-05	2.97765e-04	4.99586e-07	1.37574e-05	4.99586e-07	-8.01999e-05</data>
		</spin_bilinear_term>
		<spin_bilinear_term>
			<ijR>1 1 -2 0 -2</ijR>
			<data>-3.67784e-04	4.69557e-07	-4.56410e-05	4.69557e-07	2.69462e-04	-7.08352e-08	-4.56410e-05	-7.08352e-08	-3.19199e-03</data>
		</spin_bilinear_term>
		<spin_bilinear_term>
			<ijR>1 1 -2 0 -1</ijR>
			<data>5.27200e-04	-2.42309e-07	5.45364e-05	-2.42309e-07	1.10438e-04	7.10806e-08	5.45364e-05	7.10806e-08	-2.75114e-03</data>
		</spin_bilinear_term>
		<spin_bilinear_term>
			<ijR>1 1 -2 0 0</ijR>
			<data>5.30076e-04	6.51744e-07	5.97228e-07	6.51744e-07	2.92655e-04	-1.56907e-07	5.97228e-07	-1.56907e-07	7.44940e-04</data>
		</spin_bilinear_term>
		<spin_bilinear_term>
			<ijR>1 1 -2 0 1</ijR>
			<data>5.26263e-04	2.95945e-08	-5.43546e-05	2.95945e-08	1.08303e-04	2.45633e-07	-5.43546e-05	2.45633e-07	-2.74853e-03</data>
		</spin_bilinear_term>
		<spin_bilinear_term>
			<ijR>1 1 -2 0 2</ijR>
			<data>-3.62182e-04	1.44059e-06	4.57799e-05	1.44059e-06	2.69456e-04	6.50710e-08	4.57799e-05	6.50710e-08	-3.18990e-03</data>
		</spin_bilinear_term>
		<spin_bilinear_term>
			<ijR>1 1 -2 1 -2</ijR>
			<data>1.49048e-04	4.65319e-05	-1.38598e-05	4.65319e-05	2.97390e-04	4.33380e-07	-1.38598e-05	4.33380e-07	-8.03651e-05</data>
		</spin_bilinear_term>
		<spin_bilinear_term>
			<ijR>1 1 -2 1 -1</ijR>
			<data>1.55598e-04	7.79390e-06	-7.83899e-06	7.79390e-06	5.81578e-05	-2.37791e-05	-7.83899e-06	-2.37791e-05	-1.45612e-04</data>
		</spin_bilinear_term>
		<spin_bilinear_term>
			<ijR>1 1 -2 1 0</ijR>
			<data>-5.84040e-06	-2.26317e-05	-2.61674e-07	-2.26317e-05	1.51424e-04	-1.53206e-07	-2.61674e-07	-1.53206e-07	-3.11972e-03</data>
		</spin_bilinear_term>
		<spin_bilinear_term>
			<ijR>1 1 -2 1 1</ijR>
			<data>1.56292e-04	8.24946e-06	7.68440e-06	8.24946e-06	5.75070e-05	2.37437e-05	7.68440e-06	2.37437e-05	-1.45625e-04</data>
		</spin_bilinear_term>
		<spin_bilinear_term>
			<ijR>1 1 -2 1 2</ijR>
			<data>1.44782e-04	4.69648e-05	1.37172e-05	4.69648e-05	2.96525e-04	-3.32462e-07	1.37172e-05	-3.32462e-07	-7.99339e-05</data>
		</spin_bilinear_term>
		<spin_bilinear_term>
			<ijR>1 1 -2 2 -2</ijR>
			<data>6.32666e-04	7.09327e-05	-3.63020e-06	7.09327e-05	6.34760e-04	3.67055e-06	-3.63020e-06	3.67055e-06	4.75167e-05</data>
		</spin_bilinear_term>
		<spin_bilinear_term>
			<ijR>1 1 -2 2 -1</ijR>
			<data>-5.64133e-05	-1.16723e-04	-1.31238e-05	-1.16723e-04	-5.23599e-05	1.33184e-05	-1.31238e-05	1.33184e-05	-3.01956e-04</data>
		</spin_bilinear_term>
		<spin_bilinear_term>
			<ijR>1 1 -2 2 0</ijR>
			<data>-1.55192e-04	2.58008e-05	1.92089e-08	2.58008e-05	-1.53357e-04	1.59491e-08	1.92089e-08	1.59491e-08	-3.31459e-03</data>
		</spin_bilinear_term>
		<spin_bilinear_term>
			<ijR>1 1 -2 2 1</ijR>
			<data>-5.32106e-05	-1.16703e-04	1.29784e-05	-1.16703e-04	-5.55295e-05	-1.34628e-05	1.29784e-05	-1.34628e-05	-3.01921e-04</data>
		</spin_bilinear_term>
		<spin_bilinear_term>
			<ijR>1 1 -2 2 2</ijR>
			<data>6.33851e-04	7.09273e-05	4.09343e-06	7.09273e-05	6.33672e-04	-3.20495e-06	4.09343e-06	-3.20495e-06	4.75032e-05</data>
		</spin_bilinear_term>
		<spin_bilinear_term>
			<ijR>1 1 -1 -2 -2</ijR>
			<data>2.87438e-04	-4.50979e-05	-4.39921e-07	-4.50979e-05	1.39469e-04	-1.41017e-05	-4.39921e-07	-1.41017e-05	-8.56241e-05</data>
		</spin_bilinear_term>
		<spin_bilinear_term>
			<ijR>1 1 -1 -2 -1</ijR>
			<data>6.14963e-05	-8.80059e-06	2.32939e-05	-8.80059e-06	1.62053e-04	-7.34794e-06	2.32939e-05	-7.34794e-06	-1.44448e-04</data>
		</spin_bilinear_term>
		<spin_bilinear_term>
			<ijR>1 1 -1 -2 0</ijR>
			<data>1.57807e-04	2.14543e-05	-1.13879e-08	2.14543e-05	1.67832e-06	-3.87086e-08	-1.13879e-08	-3.87086e-08	-3.11264e-03</data>
		</spin_bilinear_term>
		<spin_bilinear_term>
			<ijR>1 1 -1 -2 1</ijR>
			<data>6.13240e-05	-8.53424e-06	-2.33579e-05	-8.53424e-06	1.63150e-04	7.40284e-06	-2.33579e-05	7.40284e-06	-1.45323e-04</data>
		</spin_bilinear_term>
		<spin_bilinear_term>
			<ijR>1 1 -1 -2 2</ijR>
			<data>2.87701e-04	-4.48529e-05	5.26020e-07	-4.48529e-05	1.40132e-04	1.40336e-05	5.26020e-07	1.40336e-05	-8.59917e-05</data>
		</spin_bilinear_term>
		<spin_bilinear_term>
			<ijR>1 1 -1 -1 -2</ijR>
			<data>-7.01727e-05	-1.85955e-04	-6.88365e-06	-1.85955e-04	-6.93871e-05	-6.66544e-06	-6.88365e-06	-6.66544e-06	-2.25581e-04</data>
		</spin_bilinear_term>
		<spin_bilinear_term>
			<ijR>1 1 -1 -1 -1</ijR>
			<data>2.50597e-04	2.59997e-04	4.21707e-06	2.59997e-04	2.53193e-04	4.28767e-06	4.21707e-06	4.28767e-06	-1.68475e-04</data>
		</spin_bilinear_term>
		<spin_bilinear_term>
			<ijR>1 1 -1 -1 0</ijR>
			<data>4.93663e-04	9.71650e-05	3.88902e-08	9.71650e-05	4.91304e-04	2.29945e-08	3.88902e-08	2.29945e-08	-2.29819e-03</data>
		</spin_bilinear_term>
		<spin_bilinear_term>
			<ijR>1 1 -1 -1 1</ijR>
			<data>2.51094e-04	2.62336e-04	-4.07952e-06	2.62336e-04	2.53724e-04	-4.15371e-06	-4.07952e-06	-4.15371e-06	-1.69809e-04</data>
		</spin_bilinear_term>
		<spin_bilinear_term>
			<ijR>1 1 -1 -1 2</ijR>
			<data>-7.08242e-05	-1.88043e-04	6.30295e-06	-1.88043e-04	-6.99782e-05	6.07369e-06	6.30295e-06	6.07369e-06	-2.27302e-04</data>
		</spin_bilinear_term>
		<spin_bilinear_term>
			<ijR>1 1 -1 0 -2</ijR>
			<data>-5.90894e-04	-6.89615e-07	-1.37639e-04	-6.89615e-07	-2.13676e-05	5.57345e-08	-1.37639e-04	5.57345e-08	-2.92912e-03</data>
		</spin_bilinear_term>
		<spin_bilinear_term>
			<ijR>1 1 -1 0 -1</ijR>
